111111
0.605263,0.2,0.165563,0.220779,0.0445205,0.025,2
0.684211,0.347826,0.139073,0.272727,0.0342466,0.3,1
0.657895,0.556522,0.0993377,0.25974,0.0479452,0.025,1
0.815789,0.426087,0.15894,0.181818,0.0856164,0.1,2
0.657895,0.356522,0.0529801,0.155844,0.0308219,0.025,2
0.710526,0.373913,0.112583,0.142857,0.0958904,0.25,1
0.526316,0.304348,0.0927152,0.246753,0.0376712,0.025,2
0.868421,0.469565,0.337748,0.38961,0.287671,0.75,1
0.815789,0.391304,0.0927152,0.181818,0.0479452,0.025,1
0.473684,0.269565,0.152318,0.12987,0.0239726,0.025,1
0.657895,0.243478,0.125828,0.155844,0.0753425,0.15,1
0.631579,0.678261,0.0927152,0.25974,0.0273973,0.025,2
0.684211,1.0,0.271523,0.207792,0.14726,0.5,1
0.710526,0.73913,0.324503,0.363636,0.304795,0.6,2
0.684211,0.33913,0.364238,0.545455,0.188356,0.4,2
0.763158,0.365217,0.119205,0.168831,0.0205479,0.025,1
0.710526,0.434783,0.13245,0.207792,0.14726,0.2,2
0.736842,0.556522,0.0927152,0.155844,0.0719178,0.1,1
0.578947,0.165217,0.145695,0.233766,0.0410959,0.2,2
0.578947,0.191304,0.0993377,0.103896,0.0376712,0.2,2
0.657895,0.347826,0.0794702,0.207792,0.0308219,0.05,2
0.684211,0.382609,0.18543,0.272727,0.0273973,0.05,1
0.710526,0.26087,0.311258,0.363636,0.297945,0.3,1
0.552632,0.304348,0.0794702,0.233766,0.0616438,0.025,2
0.815789,0.382609,0.165563,0.194805,0.0205479,0.025,1
0.868421,0.869565,0.15894,0.246753,0.0890411,0.4,1
0.815789,0.382609,0.145695,0.272727,0.106164,0.025,2
0.763158,0.591304,0.172185,0.272727,0.0684932,0.1,2
0.631579,0.347826,0.13245,0.311688,0.0821918,0.3,2
0.631579,0.243478,0.245033,0.220779,0.14726,0.1,2
0.710526,0.313043,0.205298,0.103896,0.0479452,0.025,1
0.736842,0.226087,0.152318,0.207792,0.0821918,0.2,2
0.5,0.565217,0.15894,0.25974,0.10274,0.025,2
0.657895,0.278261,0.10596,0.194805,0.0376712,0.15,1
0.894737,0.4,0.271523,0.350649,0.0856164,0.15,1
0.710526,0.434783,0.192053,0.376623,0.376712,0.25,2
0.684211,0.391304,0.0662252,0.194805,0.0479452,0.2,2
0.684211,0.686957,0.0860927,0.103896,0.0479452,0.025,1
0.710526,0.330435,0.0927152,0.103896,0.260274,0.15,2
0.657895,0.347826,0.165563,0.233766,0.178082,0.1,1
0.526316,0.365217,0.125828,0.311688,0.0342466,0.025,2
0.552632,0.373913,0.15894,0.246753,0.0547945,0.1,1
0.552632,0.269565,0.10596,0.207792,0.0376712,0.1,1
0.763158,0.286957,0.172185,0.168831,0.0753425,0.025,2
0.684211,0.278261,0.0331126,0.25974,0.0376712,0.1,2
0.631579,0.382609,0.125828,0.142857,0.0171233,0.025,1
0.657895,0.295652,0.10596,0.272727,0.0958904,0.3,2
0.552632,0.217391,0.10596,0.194805,0.00342466,0.15,1
0.736842,0.469565,0.18543,0.168831,0.0821918,0.025,1
0.578947,0.452174,0.218543,0.181818,0.222603,0.1,2
0.710526,0.365217,0.139073,0.194805,0.0890411,0.025,2
0.552632,0.486957,0.218543,0.298701,0.0308219,0.025,1
0.684211,0.356522,0.112583,0.155844,0.0719178,0.15,2
0.526316,0.53913,0.139073,0.272727,0.0856164,0.025,2
0.552632,0.33913,0.165563,0.207792,0.0719178,0.2,2
0.684211,0.347826,0.139073,0.272727,0.0342466,0.3,1
0.526316,0.356522,0.13245,0.220779,0.0205479,0.025,2
0.578947,0.6,0.112583,0.220779,0.109589,0.05,2
0.763158,0.417391,0.139073,0.272727,0.0890411,0.25,2
0.657895,0.382609,0.483444,0.441558,0.373288,0.4,1
0.736842,0.191304,0.0463576,0.116883,0.0547945,0.2,2
