0.0588235,0.562814,0.655738,0.454545,0.156028,0.518629,0.059351,0.05,0
0.352941,0.9799,0.57377,0,0,0.460507,0.106746,0.166667,1
0,0.507538,0.52459,0.171717,0,0.312966,0.0742955,0,0
0.0588235,0.427136,0.540984,0.292929,0,0.396423,0.116567,0.166667,0
0.117647,0.58794,0.737705,0.191919,0.0839244,0.375559,0.100342,0,0
0.294118,0.834171,0.622951,0,0,0.681073,0.11187,0.1,1
0.176471,0.79397,0.622951,0.363636,0.289598,0.470939,0.33006,0.116667,1
0.235294,0.517588,0.491803,0.333333,0.22695,0.357675,0.379163,0.2,0
0.0588235,0.437186,0.491803,0.373737,0.0886525,0.554396,0.184031,0.0166667,0
0.764706,0.633166,0.737705,0,0,0.646796,0.215628,0.35,1
0.117647,0.371859,0,0,0,0,0.0102476,0.0166667,0
0.0588235,0.41206,0.52459,0.131313,0.112293,0.315946,0.143894,0.0333333,0
0.529412,0.447236,0.508197,0,0,0.33532,0.0273271,0.2,0
0.117647,0.507538,0.47541,0.353535,0.106383,0.324888,0.0328779,0.0166667,0
0.705882,0.60804,0.639344,0.171717,0,0.394933,0.0772844,0.683333,0
0.764706,0.728643,0.672131,0.191919,0.130024,0.330849,0.0713066,0.6,0
0.0588235,0.643216,0.393443,0.454545,0.229314,0.603577,0.228437,0.05,1
0,0.733668,0.57377,0,0,0.564829,0.109308,0.116667,1
0.352941,0.572864,0.721311,0,0,0.414307,0.0721605,0.75,0
0.0588235,0,0.393443,0.20202,0,0.368107,0.0264731,0.0166667,0
0.823529,0.502513,0.639344,0.252525,0.217494,0.545455,0.142613,0.416667,1
0.0588235,0.487437,0.52459,0.191919,0.0969267,0.271237,0.0943638,0,0
0,0.623116,0.459016,0.131313,0.124113,0.324888,0.159693,0,0
0.352941,0.40201,0.655738,0.363636,0,0.593145,0.0422716,0.116667,0
0.588235,0.462312,0.508197,0,0,0.385991,0.0380017,0.166667,0
0.0588235,0.366834,0.409836,0.10101,0,0.342772,0.0725875,0,0
0.529412,0.854271,0.606557,0.313131,0,0.655738,0.13877,0.366667,1
0.117647,0.542714,0.508197,0.10101,0.328605,0.377049,0.342869,0.0166667,0
0.117647,0.462312,0.508197,0.282828,0,0.470939,0.0222032,0.05,0
0.117647,0.733668,0.57377,0.383838,0.425532,0.417288,0.110589,0.133333,1
0.117647,0.497487,0.42623,0.151515,0.111111,0.366617,0.238685,0,0
0.470588,0.562814,0.590164,0,0,0.351714,0.325363,0.616667,0
0.352941,0.462312,0.508197,0.323232,0.148936,0.4769,0.0029889,0.416667,0
0,0.628141,0.786885,0,0,0.33532,0.0785653,0,0
0.117647,0.557789,0.491803,0,0,0.390462,0.113151,0.0333333,0
0.0588235,0.356784,0.508197,0,0,0.324888,0.144321,0.0833333,0
0.176471,0.914573,0.606557,0,0,0.454545,0.114005,0.133333,1
0.588235,0.507538,0.704918,0.373737,0,0.679583,0.451751,0.283333,1
0,0.698492,0.508197,0.171717,0.248227,0.329359,0.0550811,0,0
0.176471,0.79397,0.57377,0.30303,0.387707,0.529061,0.113578,0.233333,1
0.117647,0.442211,0.606557,0.191919,0.0626478,0.432191,0.0644748,0.0166667,0
0.117647,0.407035,0.590164,0.151515,0.0898345,0.448584,0.200256,0.0666667,0
0.529412,0.59799,0.655738,0.353535,0,0.432191,0.0789923,0.133333,1
0.0588235,0.738693,0.770492,0.414141,0,0.734724,0.119556,0.1,1
0.470588,0.899498,0.590164,0.424242,0.153664,0.487332,0.273698,0.25,1
0.470588,0.718593,0.540984,0,0,0.520119,0.0217763,0.333333,1
0.117647,0.653266,0.786885,0,0,0.336811,0.0811272,0,0
0.176471,0.613065,0.639344,0,0,0.342772,0.0751494,0.316667,0
0.470588,0.537688,0.655738,0,0,0.366617,0.332195,0.216667,0
0.0588235,0.467337,0.459016,0.111111,0,0.33532,0.144748,0.0166667,0
0.411765,0.311558,0.639344,0,0,0.485842,0.133646,0.333333,0
0,0.81407,0.622951,0.363636,0,0.739195,0.122118,0.0833333,1
0.176471,0.442211,0.47541,0.111111,0.0638298,0.369598,0.0807002,0.0166667,0
0.117647,0.502513,0.52459,0.232323,0,0.442623,0.123826,0,0
0.0588235,0.628141,0.409836,0.40404,0.1974,0.496274,0.377455,0.116667,1
0.470588,0.547739,0.622951,0.393939,0.134752,0.415797,0.239966,0.166667,1
0.0588235,0.547739,0.459016,0.212121,0.159574,0.375559,0.322374,0.0333333,0
0.529412,0.728643,0.655738,0.464646,0.153664,0.564829,0.238685,0.316667,1
0.235294,0.723618,0.672131,0.323232,0,0.573771,0.203245,0.266667,1
0.0588235,0.407035,0.606557,0.414141,0.0673759,0.690015,0.434671,0.183333,0
0.294118,0.688442,0.885246,0,0,0.727273,0.0636208,0.266667,1
0.294118,0.386935,0.672131,0.414141,0.0496454,0.533532,0.0333049,0.233333,0
0.0588235,0.447236,0.540984,0.232323,0.111111,0.418778,0.0380017,0,0
0,0.899498,0.737705,0.272727,0,0.657228,0.259607,0.0333333,1
0.0588235,0.447236,0.622951,0.343434,0.0437352,0.464978,0.0486763,0.0333333,0
0.352941,0.497487,0.491803,0.191919,0.0638298,0.400894,0.178907,0.183333,0
0.176471,0.497487,0.442623,0.191919,0.101655,0.38152,0.0324509,0.05,0
0.0588235,0.502513,0.590164,0.121212,0.0827423,0.377049,0.247652,0.116667,0
0.411765,0.547739,0.655738,0.313131,0,0.535022,0.447908,0.366667,1
0.470588,0.778894,0.508197,0.262626,0.585106,0.506706,0.198548,0.416667,1
0.117647,0.472362,0.622951,0.181818,0.0780142,0.470939,0.243809,0.0333333,0
0.0588235,0.582915,0.639344,0.292929,0.212766,0.538003,0.17848,0.0666667,0
0.0588235,0.417085,0.557377,0,0,0.271237,0.233134,0.1,0
0.411765,0.763819,0.721311,0.444444,0,0.745157,0.110589,0.25,1
0.294118,0.497487,0.606557,0.272727,0,0.432191,0.0533732,0.183333,0
0.470588,0.668342,0.590164,0,0,0.490313,0.0819812,0.3,1
0.117647,0.497487,0.491803,0.171717,0.189125,0.545455,0.16012,0,0
0.0588235,0.547739,0.491803,0.0808081,0.21513,0.37854,0.37105,0,0
0.0588235,0.643216,0.721311,0.393939,0.130024,0.543964,0.418019,0.266667,1
0.882353,0.683417,0.57377,0.323232,0.130024,0.552906,0.0320239,0.366667,1
0.0588235,0.442211,0.508197,0.242424,0.0520095,0.445604,0.146883,0.0333333,0
0.0588235,0.482412,0.52459,0.272727,0.102837,0.494784,0.0900939,0,0
0.235294,0.477387,0.491803,0.323232,0,0.527571,0.087959,0.116667,0
0,0.904523,0.737705,0.262626,0.106383,0.543964,0.100769,0.233333,1
0.235294,0.859297,0.590164,0,0,0.649776,0.171221,0.0833333,1
0.117647,0.502513,0.557377,0.252525,0.0839244,0.573771,0.105038,0.0833333,0
0.411765,0.909548,0.688525,0.212121,0.22695,0.535022,0.216909,0.5,1
0.0588235,0.984925,0.622951,0.363636,0.294326,0.543964,0.340307,0.133333,1
0.470588,0.603015,0.639344,0,0,0.372578,0.141332,0.716667,0
0.176471,0.557789,0.737705,0.121212,0.0921986,0.423249,0.178053,0.133333,0
0.176471,0.869347,0.639344,0.393939,0.218676,0.503726,0.380871,0.166667,1
0.0588235,0.497487,0.590164,0.30303,0.0212766,0.575261,0.142613,0,0
0.117647,0.562814,0.557377,0.222222,0.111111,0.508197,0.101196,0.0833333,0
0,0.527638,0.557377,0.222222,0,0.298063,0.0674637,0.0166667,0
0.294118,0.366834,0.491803,0,0,0.399404,0.0811272,0.1,0
0,0.708543,0,0,0,0.631893,0.0542272,0.133333,1
0.0588235,0.613065,0.737705,0.515152,0.260047,0.740686,0.105465,0.166667,1
0.176471,0.482412,0.639344,0.393939,0,0.555887,0.0683177,0.316667,0
0.117647,0.442211,0.47541,0.262626,0.0189125,0.423249,0.293766,0.0166667,0
0.176471,0.753769,0.622951,0,0,0.312966,0.0550811,0.266667,0
0.117647,0.497487,0.57377,0.161616,0.0520095,0.304024,0.0670367,0.1,0
0.0588235,0.527638,0.47541,0,0,0.362146,0.0465414,0,0
0.470588,0.623116,0.622951,0.242424,0.70922,0.42772,0.260034,0.516667,1
0.176471,0.874372,0.47541,0.222222,0.229314,0.490313,0.219898,0.25,1
0.0588235,0.502513,0.606557,0.121212,0.0543735,0.290611,0.030316,0.116667,0
0,0.728643,0,0,0,0.658718,0.235696,0.166667,1
0,0.628141,0.557377,0,0,0.368107,0.0546541,0,0
0.117647,0.577889,0.52459,0.222222,0,0.459016,0.146456,0,0
0.176471,0.557789,0.47541,0.313131,0.0520095,0.439642,0.150299,0.0166667,0
0,0.371859,0.42623,0.10101,0.0425532,0.414307,0.0815542,0.0166667,0
0.0588235,0.562814,0.590164,0.30303,0.208038,0.512668,0.192143,0.0666667,0
0.294118,0.442211,0.639344,0.30303,0,0.411326,0.0768574,0.266667,0
0.117647,0.407035,0.491803,0.222222,0,0.412817,0.0905209,0.0666667,0
0.176471,0.40201,0,0,0,0,0.0409906,0.0166667,0
0.0588235,0.497487,0.47541,0.10101,0,0.37854,0.201964,0,0
0.0588235,0.487437,0.540984,0.151515,0.165485,0.345753,0.174637,0.0166667,0
0.117647,0.376884,0.52459,0.242424,0.0650118,0.442623,0.12468,0.2,0
0.117647,0.542714,0.42623,0.262626,0.0744681,0.484352,0.102477,0.0166667,0
0,0.512563,0.639344,0.40404,0.106383,0.514158,0.0683177,0.05,0
0.117647,0.527638,0.47541,0.40404,0.111111,0.520119,0.0627669,0.0666667,0
0.117647,0.648241,0.688525,0,0,0.417288,0.087959,0.1,0
0.294118,0.442211,0.540984,0.212121,0.0271868,0.363636,0.112724,0.15,0
0.117647,0.562814,0.540984,0.222222,0,0.372578,0.0977797,0.05,0
0.411765,0.648241,0.557377,0.494949,0.147754,0.573771,0.154142,0.366667,1
0.0588235,0.542714,0.721311,0.191919,0,0.403875,0.137489,0.05,0
0,0.527638,0.52459,0.414141,0.167849,0.61848,0.0405636,0.0166667,0
0,0.758794,0.737705,0.464646,0,0.627422,0.125107,0,1
0.0588235,0.502513,0.540984,0.151515,0.0661939,0.351714,0.251067,0.0833333,0
0,0.477387,0.655738,0.454545,0.108747,0.543964,0.1076,0.0833333,0
0.117647,0.417085,0.540984,0.232323,0.0591017,0.479881,0.178907,0.0166667,0
0.588235,0.577889,0.803279,0,0,0.357675,0.403074,0.216667,0
0.470588,0.944724,0.639344,0,0,0.71386,0.0251921,0.366667,1
0.117647,0.492462,0.491803,0.171717,0.141844,0.517139,0.0512383,0.0166667,0
0.176471,0.939699,0.57377,0.222222,0.236407,0.542474,0.140905,0.25,1
0.647059,0.557789,0.688525,0.40404,0,0.697466,0.361657,0.4,1
0.117647,0.422111,0.409836,0.232323,0.0898345,0.453055,0.380017,0,0
0.0588235,0.467337,0.57377,0.313131,0,0.453055,0.101196,0.0333333,0
0,0.633166,0.688525,0.292929,0.254137,0.457526,0.188728,0.05,0
0.0588235,0,0.557377,0.353535,0,0.4769,0.132792,0.0166667,0
0.411765,0.809045,0.704918,0,0,0.453055,0.0371477,0.433333,1
0.176471,0.849246,0.606557,0.191919,0.147754,0.445604,0.0811272,0.166667,1
0,0.467337,0.491803,0.252525,0.108747,0.42772,0.193851,0.0166667,0
0.294118,0.562814,0.540984,0,0,0.563338,0.0781383,0.333333,1
0.470588,0.984925,0.622951,0.292929,0.330969,0.558867,0.225021,0.6,1
0,0.949749,0.852459,0.252525,0,0.511177,0.152434,0.333333,1
0.0588235,0.643216,0.803279,0.414141,0.0685579,0.4769,0.530743,0.2,1
0,0.673367,0.47541,0.20202,0.343972,0.393443,0.116994,0,0
0.294118,0.663317,0.655738,0,0,0.399404,0.0461144,0.8,0
0.0588235,0.477387,0.491803,0.181818,0.0685579,0.356185,0.0777114,0.0166667,0
0.294118,0.572864,0.606557,0,0,0.371088,0.284372,0.6,0
0.0588235,0.457286,0.52459,0.242424,0,0.435171,0.0486763,0,0
0.235294,0.38191,0.508197,0,0,0.506706,0.133646,0.0666667,0
0.0588235,0.432161,0.540984,0.525253,0.0768322,0.615499,0.358241,0.133333,0
0.352941,0.738693,0.655738,0,0,0.439642,0.0426985,0.483333,1
0.117647,0.542714,0.52459,0,0,0.459016,0.0341588,0,0
0,0.477387,0.52459,0.393939,0.124113,0.66468,0.122972,0.0166667,0
0.117647,0.542714,0.508197,0.323232,0.0661939,0.375559,0.0213493,0,0
0.529412,0.78392,0.704918,0.282828,0.183215,0.511177,0.474381,0.35,1
0.529412,0.763819,0.639344,0.343434,0.202128,0.509687,0.347993,0.2,1
0.176471,0.532663,0.590164,0,0,0.384501,0.0550811,0.1,0
0.0588235,0.386935,0.459016,0.30303,0.0661939,0.496274,0.500854,0.05,0
0.294118,0.577889,0.803279,0,0,0.788376,0.0559351,0.116667,1
0.117647,0.452261,0.57377,0.171717,0,0.406855,0.0029889,0.0166667,0
0,0.522613,0.52459,0.232323,0.137116,0.414307,0.160547,0.0333333,0
0.176471,0.542714,0.508197,0.242424,0,0.387481,0.0619129,0.0666667,0
0,0.507538,0.532787,0.282828,0,0.366617,0.0678907,0.0166667,0
0.0588235,0.437186,0.557377,0.343434,0.0910165,0.560358,0.137916,0.05,0
0.235294,0.472362,0.532787,0.222222,0,0.368107,0.029889,0,0
0.470588,0.884422,0.737705,0.343434,0.35461,0.502235,0.166097,0.616667,1
0.176471,0.422111,0.590164,0.323232,0,0.554396,0.0807002,0.116667,0
0.235294,0.663317,0,0,0,0.490313,0.0956447,0.0333333,1
0.352941,0.462312,0.754098,0,0,0.296572,0.0469684,0.116667,0
0.0588235,0.557789,0.704918,0.191919,0,0.448584,0.0277541,0.0333333,0
0.470588,0.552764,0.622951,0,0,0.414307,0.0678907,0.616667,0
0.117647,0.477387,0.442623,0.141414,0.104019,0.388972,0.28608,0.0166667,0
0.411765,0.984925,0.737705,0,0,0.593145,0.159266,0.333333,1
0.235294,0.663317,0.704918,0.313131,0,0.417288,0.145602,0.7,0
0,0.432161,0.557377,0.323232,0,0.533532,0.0683177,0.0666667,0
0.0588235,0.653266,0.57377,0.131313,0.124113,0.385991,0.168232,0.0166667,0
0.352941,0.9799,0.57377,0,0,0.460507,0.106746,0.166667,1
0,0.507538,0.52459,0.171717,0,0.312966,0.0742955,0,0
0.0588235,0.427136,0.540984,0.292929,0,0.396423,0.116567,0.166667,0
0.352941,0.628141,0.639344,0.313131,0,0.411326,0.207942,0.466667,1
0.235294,0.924623,0.639344,0.393939,0.327423,0.551416,0.0794193,0.166667,1
0,0.592965,0.688525,0.474747,0.271868,0.682563,0.201964,0.166667,1
0.176471,0.79397,0.622951,0.363636,0.289598,0.470939,0.33006,0.116667,1
0.235294,0.517588,0.491803,0.333333,0.22695,0.357675,0.379163,0.2,0
0,0.457286,0.655738,0,0,0.482861,0.223313,0.1,0
0.117647,0.371859,0,0,0,0,0.0102476,0.0166667,0
0.0588235,0.41206,0.52459,0.131313,0.112293,0.315946,0.143894,0.0333333,0
0.529412,0.447236,0.508197,0,0,0.33532,0.0273271,0.2,0
0.117647,0.507538,0.47541,0.353535,0.106383,0.324888,0.0328779,0.0166667,0
0.705882,0.60804,0.639344,0.171717,0,0.394933,0.0772844,0.683333,0
0.0588235,0.396985,0.614754,0.30303,0,0.4769,0.135781,0.0166667,0
0.352941,0.572864,0.721311,0,0,0.414307,0.0721605,0.75,0
0.117647,0.281407,0.459016,0.282828,0.0531915,0.360656,0.108454,0.0166667,0
0.0588235,0.487437,0.52459,0.191919,0.0969267,0.271237,0.0943638,0,0
0,0.623116,0.459016,0.131313,0.124113,0.324888,0.159693,0,0
0.352941,0.743719,0.590164,0.353535,0,0.500745,0.234415,0.483333,1
0.588235,0.462312,0.508197,0,0,0.385991,0.0380017,0.166667,0
0.0588235,0.366834,0.409836,0.10101,0,0.342772,0.0725875,0,0
0.117647,0.537688,0.606557,0.30303,0.118203,0.500745,0.139197,0.0333333,0
0.117647,0.542714,0.508197,0.10101,0.328605,0.377049,0.342869,0.0166667,0
0.117647,0.462312,0.508197,0.282828,0,0.470939,0.0222032,0.05,0
0.647059,0.678392,0,0,0,0.779434,0.213493,0.316667,1
0.176471,0.884422,0.704918,0.272727,0.184397,0.496274,0.459436,0.516667,1
0.117647,0.497487,0.42623,0.151515,0.111111,0.366617,0.238685,0,0
0.470588,0.562814,0.590164,0,0,0.351714,0.325363,0.616667,0
0.352941,0.462312,0.508197,0.323232,0.148936,0.4769,0.0029889,0.416667,0
0.117647,0.557789,0.491803,0,0,0.390462,0.113151,0.0333333,0
0.235294,0.562814,0.639344,0.40404,0,0.587183,0.0674637,0.283333,0
0.176471,0.914573,0.606557,0,0,0.454545,0.114005,0.133333,1
0.588235,0.507538,0.704918,0.373737,0,0.679583,0.451751,0.283333,1
0,0.698492,0.508197,0.171717,0.248227,0.329359,0.0550811,0,0
0.470588,0.909548,0.557377,0.363636,0.585106,0.448584,0.229291,0.65,1
0.117647,0.442211,0.606557,0.191919,0.0626478,0.432191,0.0644748,0.0166667,0
0.117647,0.407035,0.590164,0.151515,0.0898345,0.448584,0.200256,0.0666667,0
0.0588235,0.738693,0.770492,0.414141,0,0.734724,0.119556,0.1,1
0.176471,0.497487,0.508197,0.191919,0.0874704,0.324888,0.0858241,0.0833333,0
0.0588235,0.487437,0.557377,0.212121,0,0.405365,0.434244,0.0166667,0
0.235294,0.417085,0.704918,0.191919,0,0.436662,0.10205,0.216667,0
0.411765,0.894472,0.688525,0,0,0.594635,0.108027,0.333333,1
0.117647,0.341709,0.57377,0.323232,0.0780142,0.372578,0.0465414,0.0666667,0
0.764706,0.648241,0,0.30303,0,0.594635,0.20965,0.383333,1
0.176471,0.648241,0.754098,0.494949,0.183215,0.542474,0.380017,0.183333,1
0,0.507538,0.622951,0,0,0.532042,0.0512383,0.0833333,0
0.117647,0.527638,0.655738,0.454545,0.225768,0.502235,0.270282,0.133333,1
0.0588235,0.537688,0.557377,0.191919,0,0.394933,0.0371477,0.05,0
0.235294,0.482412,0.459016,0.171717,0.0579196,0.309985,0.11187,0.0833333,0
0,0.522613,0.622951,0,0,0.274218,0.215201,0.1,0
0.176471,0.532663,0.442623,0.212121,0.186761,0.460507,0.0913749,0.05,0
0.0588235,0.452261,0.508197,0.121212,0.0508274,0.405365,0.214347,0.05,0
0.470588,0.98995,0.606557,0,0,0.385991,0.475235,0.3,1
0.470588,0.773869,0.639344,0.323232,0,0.482861,0.15585,0.4,1
0.235294,0.572864,0.52459,0,0,0.4307,0.0204953,0.05,0
0,0.557789,0.532787,0,0,0.366617,0.248506,0.166667,0
0.176471,0.854271,0.52459,0.373737,0.265957,0.514158,0.118702,0.15,1
0,0.693467,0,0,0,0.540984,0.365073,0.0666667,1
0.117647,0.437186,0.47541,0.161616,0.0614657,0.487332,0.0375747,0.0666667,0
0.411765,0.572864,0.52459,0,0,0.408346,0.279249,0.216667,1
0,0.688442,0.557377,0.141414,0.174941,0.369598,0.0277541,0,0
0.647059,0.683417,0.688525,0.353535,0.153664,0.421759,0.0777114,0.35,1
0.470588,0.542714,0.57377,0,0,0.454545,0.374466,0.2,1
0.0588235,0,0.606557,0.20202,0.0271868,0.412817,0.0943638,0,0
0.0588235,0.407035,0.590164,0.181818,0.0472813,0.396423,0.087532,0.05,0
0.235294,0.552764,0.622951,0.20202,0.118203,0.423249,0.0170794,0.1,0
0.0588235,0.40201,0.606557,0.111111,0.070922,0.447094,0.191716,0.0166667,0
0,0.658291,0,0,0,0.643815,0.0819812,0.0833333,1
0.0588235,0.507538,0.409836,0.151515,0.0425532,0.360656,0.191289,0.0833333,0
0.352941,0.974874,0.639344,0,0,0.350224,0.0217763,0.633333,1
0.647059,0.693467,0.606557,0.262626,0.170213,0.538003,0.204526,0.483333,1
0.0588235,0.452261,0.508197,0.181818,0.06974,0.374069,0.508113,0.0666667,0
0.529412,0.829146,0.721311,0,0,0.453055,0.0956447,0.466667,1
0.294118,0.939699,0.622951,0.272727,0.244681,0.649776,0.408198,0.533333,1
0.352941,0.954774,0.754098,0,0,0.529061,0.0853971,0.75,1
0.294118,0.432161,0.557377,0.282828,0.0839244,0.450075,0.122118,0.05,0
0.294118,0.542714,0.590164,0.434343,0.0886525,0.538003,0.0789923,0.2,0
0,0.537688,0.491803,0.252525,0,0.393443,0.0234842,0.0333333,0
0,0.512563,0.42623,0,0,0.374069,0,0,0
0.588235,0.557789,0.57377,0.272727,0,0.409836,0.0269001,0.316667,1
0,0.904523,0.540984,0.393939,0,0.625931,0.774979,0.0666667,1
0.0588235,1,0.622951,0.434343,0,0.639344,0.561913,0.0166667,1
0.0588235,0.984925,0.622951,0.363636,0.294326,0.543964,0.340307,0.133333,1
0.176471,0.557789,0.737705,0.121212,0.0921986,0.423249,0.178053,0.133333,0
0.176471,0.869347,0.639344,0.393939,0.218676,0.503726,0.380871,0.166667,1
0.117647,0.562814,0.557377,0.222222,0.111111,0.508197,0.101196,0.0833333,0
0.117647,0.572864,0.557377,0.222222,0,0.42772,0.0059778,0.0666667,0
0,0.527638,0.557377,0.222222,0,0.298063,0.0674637,0.0166667,0
0.352941,0.437186,0.655738,0,0,0.345753,0.00256191,0.183333,0
0.294118,0.366834,0.491803,0,0,0.399404,0.0811272,0.1,0
0.588235,0.628141,0.57377,0.262626,0.135934,0.463487,0.0542272,0.333333,1
0,0.708543,0,0,0,0.631893,0.0542272,0.133333,1
0.0588235,0.613065,0.737705,0.515152,0.260047,0.740686,0.105465,0.166667,1
0.470588,0.497487,0.688525,0,0,0.527571,0.132365,0.483333,0
0.235294,0.79397,0.639344,0,0,0.490313,0.309564,0.166667,1
0.176471,0.512563,0.360656,0.20202,0.111111,0.459016,0.137489,0.0833333,0
0.176471,0.482412,0.639344,0.393939,0,0.555887,0.0683177,0.316667,0
0.117647,0.442211,0.47541,0.262626,0.0189125,0.423249,0.293766,0.0166667,0
0.117647,0.497487,0.57377,0.161616,0.0520095,0.304024,0.0670367,0.1,0
0.0588235,0.527638,0.47541,0,0,0.362146,0.0465414,0,0
0.176471,0.874372,0.47541,0.222222,0.229314,0.490313,0.219898,0.25,1
0.0588235,0.502513,0.606557,0.121212,0.0543735,0.290611,0.030316,0.116667,0
0.176471,0.557789,0.47541,0.313131,0.0520095,0.439642,0.150299,0.0166667,0
0,0.371859,0.42623,0.10101,0.0425532,0.414307,0.0815542,0.0166667,0
0.0588235,0.532663,0.622951,0,0,0.558867,0.0508113,0.0833333,0
0.294118,0.442211,0.639344,0.30303,0,0.411326,0.0768574,0.266667,0
0.176471,0.628141,0.47541,0,0,0.470939,0.0311699,0.05,0
0.117647,0.507538,0.47541,0.171717,0.313239,0.360656,0.228864,0.0333333,0
0.176471,0.40201,0,0,0,0,0.0409906,0.0166667,0
0.0588235,0.497487,0.47541,0.10101,0,0.37854,0.201964,0,0
0.0588235,0.487437,0.540984,0.151515,0.165485,0.345753,0.174637,0.0166667,0
0.647059,0.603015,0.655738,0.373737,0.177305,0.630402,0.301879,0.45,1
0.117647,0.376884,0.52459,0.242424,0.0650118,0.442623,0.12468,0.2,0
0.117647,0.542714,0.42623,0.262626,0.0744681,0.484352,0.102477,0.0166667,0
0,0.512563,0.639344,0.40404,0.106383,0.514158,0.0683177,0.05,0
0.117647,0.648241,0.688525,0,0,0.417288,0.087959,0.1,0
0.117647,0.562814,0.540984,0.222222,0,0.372578,0.0977797,0.05,0
0.352941,0.673367,0.655738,0.373737,0.437352,0.688525,0.0683177,0.416667,1
0.0588235,0.542714,0.721311,0.191919,0,0.403875,0.137489,0.05,0
0,0.527638,0.52459,0.414141,0.167849,0.61848,0.0405636,0.0166667,0
0,0.758794,0.737705,0.464646,0,0.627422,0.125107,0,1
0.0588235,0.502513,0.540984,0.151515,0.0661939,0.351714,0.251067,0.0833333,0
0,0.477387,0.655738,0.454545,0.108747,0.543964,0.1076,0.0833333,0
0,0.839196,0,0,0,0.481371,0.324936,0.15,1
0.117647,0.417085,0.540984,0.232323,0.0591017,0.479881,0.178907,0.0166667,0
0.235294,0.457286,0.57377,0.323232,0.104019,0.493294,0.157131,0.0166667,0
0.0588235,0.547739,0.311475,0.181818,0.141844,0.344262,0.140478,0.0833333,0
0,0.633166,0.704918,0.272727,0.141844,0.408346,0.186593,0,0
0.176471,0.582915,0.606557,0.151515,0.124113,0.391952,0.0123826,0.05,0
0.117647,0.492462,0.491803,0.171717,0.141844,0.517139,0.0512383,0.0166667,0
0.176471,0.939699,0.57377,0.222222,0.236407,0.542474,0.140905,0.25,1
0.647059,0.557789,0.688525,0.40404,0,0.697466,0.361657,0.4,1
0.117647,0.422111,0.409836,0.232323,0.0898345,0.453055,0.380017,0,0
0.0588235,0,0.557377,0.353535,0,0.4769,0.132792,0.0166667,0
0.411765,0.809045,0.704918,0,0,0.453055,0.0371477,0.433333,1
0.176471,0.849246,0.606557,0.191919,0.147754,0.445604,0.0811272,0.166667,1
0.470588,0.984925,0.622951,0.292929,0.330969,0.558867,0.225021,0.6,1
0.0588235,0.572864,0.540984,0.363636,0.236407,0.567809,0.0900939,0,0
0.176471,0.819095,0.57377,0.181818,0.124113,0.470939,0.0811272,0.116667,1
0.117647,0.452261,0.655738,0.141414,0.0650118,0.363636,0.0730145,0.05,0
0.0588235,0.633166,0.491803,0,0,0.448584,0.115713,0.433333,1
0.0588235,0.477387,0.491803,0.181818,0.0685579,0.356185,0.0777114,0.0166667,0
0.294118,0.572864,0.606557,0,0,0.371088,0.284372,0.6,0
0.0588235,0.457286,0.52459,0.242424,0,0.435171,0.0486763,0,0
0.235294,0.38191,0.508197,0,0,0.506706,0.133646,0.0666667,0
0.0588235,0.432161,0.540984,0.525253,0.0768322,0.615499,0.358241,0.133333,0
0,0.477387,0.52459,0.393939,0.124113,0.66468,0.122972,0.0166667,0
0.470588,0.758794,0.639344,0.323232,0.248227,0.639344,0.18702,0.25,1
0.117647,0.542714,0.508197,0.323232,0.0661939,0.375559,0.0213493,0,0
0.529412,0.78392,0.704918,0.282828,0.183215,0.511177,0.474381,0.35,1
0.529412,0.763819,0.639344,0.343434,0.202128,0.509687,0.347993,0.2,1
0.529412,0.924623,0.696721,0.151515,0,0.447094,0.484629,0.466667,1
0,0.522613,0.52459,0.232323,0.137116,0.414307,0.160547,0.0333333,0
0.176471,0.542714,0.508197,0.242424,0,0.387481,0.0619129,0.0666667,0
0,0.507538,0.532787,0.282828,0,0.366617,0.0678907,0.0166667,0
0.411765,0.753769,0.639344,0.292929,0.148936,0.52459,0.262169,0.55,1
0.0588235,0.60804,0.639344,0.393939,0.0874704,0.581222,0.0781383,0.116667,0
0.470588,0.884422,0.737705,0.343434,0.35461,0.502235,0.166097,0.616667,1
0.235294,0.663317,0,0,0,0.490313,0.0956447,0.0333333,1
0.352941,0.462312,0.754098,0,0,0.296572,0.0469684,0.116667,0
0.0588235,0.557789,0.704918,0.191919,0,0.448584,0.0277541,0.0333333,0
0.117647,0.477387,0.442623,0.141414,0.104019,0.388972,0.28608,0.0166667,0
0.411765,0.984925,0.737705,0,0,0.593145,0.159266,0.333333,1
0.117647,0.422111,0,0,0,0,0.0964987,0,0
0.0588235,0.562814,0.655738,0.454545,0.156028,0.518629,0.059351,0.05,0
0.352941,0.9799,0.57377,0,0,0.460507,0.106746,0.166667,1
0.235294,0.497487,0.557377,0.383838,0,0.488823,0.028608,0.2,0
0.117647,0.58794,0.737705,0.191919,0.0839244,0.375559,0.100342,0,0
0.294118,0.834171,0.622951,0,0,0.681073,0.11187,0.1,1
0.235294,0.924623,0.639344,0.393939,0.327423,0.551416,0.0794193,0.166667,1
0.176471,0.79397,0.622951,0.363636,0.289598,0.470939,0.33006,0.116667,1
0.235294,0.517588,0.491803,0.333333,0.22695,0.357675,0.379163,0.2,0
0.764706,0.633166,0.737705,0,0,0.646796,0.215628,0.35,1
0.117647,0.371859,0,0,0,0,0.0102476,0.0166667,0
0.529412,0.447236,0.508197,0,0,0.33532,0.0273271,0.2,0
0.117647,0.507538,0.47541,0.353535,0.106383,0.324888,0.0328779,0.0166667,0
0.352941,0.572864,0.721311,0,0,0.414307,0.0721605,0.75,0
0.823529,0.502513,0.639344,0.252525,0.217494,0.545455,0.142613,0.416667,1
0.0588235,0.487437,0.52459,0.191919,0.0969267,0.271237,0.0943638,0,0
0.0588235,0.633166,0.459016,0.292929,0.179669,0.42772,0.30871,0,0
0.235294,0.648241,0.704918,0.20202,0.319149,0.5231,0.0653288,0.0333333,0
0.352941,0.743719,0.590164,0.353535,0,0.500745,0.234415,0.483333,1
0.352941,0.40201,0.655738,0.363636,0,0.593145,0.0422716,0.116667,0
0.0588235,0.904523,0,0,0,0.645306,0.087105,0.333333,1
0.588235,0.462312,0.508197,0,0,0.385991,0.0380017,0.166667,0
0.0588235,0.366834,0.409836,0.10101,0,0.342772,0.0725875,0,0
0.117647,0.537688,0.606557,0.30303,0.118203,0.500745,0.139197,0.0333333,0
0.117647,0.542714,0.508197,0.10101,0.328605,0.377049,0.342869,0.0166667,0
0.117647,0.462312,0.508197,0.282828,0,0.470939,0.0222032,0.05,0
0.647059,0.678392,0,0,0,0.779434,0.213493,0.316667,1
0.176471,0.884422,0.704918,0.272727,0.184397,0.496274,0.459436,0.516667,1
0.117647,0.497487,0.42623,0.151515,0.111111,0.366617,0.238685,0,0
0.470588,0.562814,0.590164,0,0,0.351714,0.325363,0.616667,0
0.176471,0.482412,0.459016,0.343434,0.135934,0.368107,0.369769,0.3,0
0.352941,0.462312,0.508197,0.323232,0.148936,0.4769,0.0029889,0.416667,0
0,0.628141,0.786885,0,0,0.33532,0.0785653,0,0
0.117647,0.557789,0.491803,0,0,0.390462,0.113151,0.0333333,0
0.0588235,0.356784,0.508197,0,0,0.324888,0.144321,0.0833333,0
0.235294,0.562814,0.639344,0.40404,0,0.587183,0.0674637,0.283333,0
0.176471,0.914573,0.606557,0,0,0.454545,0.114005,0.133333,1
0.588235,0.507538,0.704918,0.373737,0,0.679583,0.451751,0.283333,1
0,0.698492,0.508197,0.171717,0.248227,0.329359,0.0550811,0,0
0.470588,0.909548,0.557377,0.363636,0.585106,0.448584,0.229291,0.65,1
0.117647,0.442211,0.606557,0.191919,0.0626478,0.432191,0.0644748,0.0166667,0
0.117647,0.407035,0.590164,0.151515,0.0898345,0.448584,0.200256,0.0666667,0
0.294118,0.477387,0.590164,0.333333,0,0.561848,0.12468,0.1,0
0.0588235,0.477387,0.672131,0.252525,0.212766,0.52161,0.0661827,0.366667,1
0.176471,0.497487,0.508197,0.191919,0.0874704,0.324888,0.0858241,0.0833333,0
0.0588235,0.487437,0.557377,0.212121,0,0.405365,0.434244,0.0166667,0
0.411765,0.894472,0.688525,0,0,0.594635,0.108027,0.333333,1
0.117647,0.341709,0.57377,0.323232,0.0780142,0.372578,0.0465414,0.0666667,0
0.764706,0.648241,0,0.30303,0,0.594635,0.20965,0.383333,1
0.294118,0.532663,0.672131,0.30303,0,0.588674,0.088813,0.283333,0
0.235294,0.482412,0.459016,0.171717,0.0579196,0.309985,0.11187,0.0833333,0
0,0.522613,0.622951,0,0,0.274218,0.215201,0.1,0
0.176471,0.532663,0.442623,0.212121,0.186761,0.460507,0.0913749,0.05,0
0.0588235,0.452261,0.508197,0.121212,0.0508274,0.405365,0.214347,0.05,0
0.647059,0.718593,0.770492,0.333333,0.172577,0.545455,0.0751494,0.5,1
0.294118,0.623116,0.606557,0,0,0.506706,0.0606319,0.283333,1
0.470588,0.98995,0.606557,0,0,0.385991,0.475235,0.3,1
0.470588,0.773869,0.639344,0.323232,0,0.482861,0.15585,0.4,1
0.176471,0.854271,0.52459,0.373737,0.265957,0.514158,0.118702,0.15,1
0,0.909548,0.721311,0.444444,0.602837,0.645306,0.0614859,0.0833333,1
0.117647,0.437186,0.47541,0.161616,0.0614657,0.487332,0.0375747,0.0666667,0
0.411765,0.572864,0.52459,0,0,0.408346,0.279249,0.216667,1
0,0.688442,0.557377,0.141414,0.174941,0.369598,0.0277541,0,0
0.0588235,0.59799,0.442623,0.131313,0.0591017,0.33234,0.0542272,0.05,0
0.647059,0.683417,0.688525,0.353535,0.153664,0.421759,0.0777114,0.35,1
0.647059,0.427136,0.606557,0,0,0.448584,0.0947908,0.233333,0
0.117647,0.502513,0.57377,0.525253,0.0673759,0.603577,0.255764,0.0666667,0
0.0588235,0.678392,0.442623,0,0,0.397914,0.260034,0.683333,0
0.470588,0.542714,0.57377,0,0,0.454545,0.374466,0.2,1
0.0588235,0.407035,0.590164,0.181818,0.0472813,0.396423,0.087532,0.05,0
0.117647,0.874372,0.721311,0.373737,0.141844,0.663189,0.242528,0.05,1
0.235294,0.552764,0.622951,0.20202,0.118203,0.423249,0.0170794,0.1,0
0.0588235,0.40201,0.606557,0.111111,0.070922,0.447094,0.191716,0.0166667,0
0.0588235,0.507538,0.409836,0.151515,0.0425532,0.360656,0.191289,0.0833333,0
0.0588235,0.613065,0.52459,0.323232,0.184397,0.5231,0.262169,0.15,1
0.352941,0.974874,0.639344,0,0,0.350224,0.0217763,0.633333,1
0.0588235,0.452261,0.508197,0.181818,0.06974,0.374069,0.508113,0.0666667,0
0.294118,0.939699,0.622951,0.272727,0.244681,0.649776,0.408198,0.533333,1
0.352941,0.954774,0.754098,0,0,0.529061,0.0853971,0.75,1
0.117647,0.603015,0.622951,0.373737,0.124113,0.591654,0.058497,0.133333,0
0.294118,0.432161,0.557377,0.282828,0.0839244,0.450075,0.122118,0.05,0
0.352941,0.517588,0.590164,0.323232,0.224586,0.561848,0.105038,0.566667,0
0,0.61809,0.590164,0,0,0.540984,0.0768574,0.516667,1
0,0.537688,0.491803,0.252525,0,0.393443,0.0234842,0.0333333,0
0.352941,0.527638,0.655738,0.282828,0,0.484352,0.341588,0.0833333,0
0,0.904523,0.540984,0.393939,0,0.625931,0.774979,0.0666667,1
0.117647,0.462312,0.42623,0,0,0.448584,0.0269001,0.0166667,0
0.470588,0.899498,0.590164,0.424242,0.153664,0.487332,0.273698,0.25,1
0.470588,0.718593,0.540984,0,0,0.520119,0.0217763,0.333333,1
0.117647,0.653266,0.786885,0,0,0.336811,0.0811272,0,0
0.588235,0.452261,0.696721,0.323232,0,0.520119,0.318958,0.583333,1
0.764706,0.79397,0.934426,0,0,0.630402,0.0764304,0.383333,1
0.117647,0.532663,0.459016,0.272727,0.195035,0.432191,0.148591,0.0166667,0
0.0588235,0.467337,0.459016,0.111111,0,0.33532,0.144748,0.0166667,0
0.411765,0.311558,0.639344,0,0,0.485842,0.133646,0.333333,0
0,0.81407,0.622951,0.363636,0,0.739195,0.122118,0.0833333,1
0.176471,0.663317,0.655738,0,0,0.512668,0.138343,0.383333,1
0.529412,0.728643,0.655738,0.464646,0.153664,0.564829,0.238685,0.316667,1
0.117647,0.613065,0.622951,0.272727,0.236407,0.535022,0.172929,0.0833333,0
0.294118,0.688442,0.885246,0,0,0.727273,0.0636208,0.266667,1
0.0588235,0.447236,0.540984,0.232323,0.111111,0.418778,0.0380017,0,0
0,0.809045,0.409836,0,0,0.326379,0.0751494,0.733333,0
0,0.899498,0.737705,0.272727,0,0.657228,0.259607,0.0333333,1
0.588235,0.376884,0.672131,0,0,0.496274,0.0789923,0.283333,0
0.235294,0.427136,0.47541,0.222222,0.0579196,0.414307,0.0973527,0.116667,0
0.352941,0.40201,0.540984,0.30303,0,0.390462,0.100342,0.333333,0
0.0588235,0.447236,0.622951,0.343434,0.0437352,0.464978,0.0486763,0.0333333,0
0,0.512563,0.52459,0.464646,0.0921986,0.605067,0.17848,0,0
0.176471,0.497487,0.442623,0.191919,0.101655,0.38152,0.0324509,0.05,0
0.470588,0.778894,0.508197,0.262626,0.585106,0.506706,0.198548,0.416667,1
0.117647,0.472362,0.622951,0.181818,0.0780142,0.470939,0.243809,0.0333333,0
0.0588235,0.698492,0.508197,0.414141,0.567376,0.606557,0.195559,0,0
0.176471,0.371859,0.557377,0.282828,0.0531915,0.442623,0.0918019,0.0333333,0
0.0588235,0.417085,0.557377,0,0,0.271237,0.233134,0.1,0
0.117647,0.562814,0.639344,0.50505,0.165485,0.587183,0.0414176,0.05,0
0.0588235,0.658291,0.52459,0.141414,0.490544,0.353204,0.132792,0,0
0.0588235,0.547739,0.491803,0.0808081,0.21513,0.37854,0.37105,0,0
0.0588235,0.643216,0.721311,0.393939,0.130024,0.543964,0.418019,0.266667,1
0.882353,0.683417,0.57377,0.323232,0.130024,0.552906,0.0320239,0.366667,1
0.0588235,0.442211,0.508197,0.242424,0.0520095,0.445604,0.146883,0.0333333,0
0.0588235,0.482412,0.52459,0.272727,0.102837,0.494784,0.0900939,0,0
0.176471,0.869347,0.688525,0.333333,0.560284,0.532042,0.0768574,0.0166667,1
0.529412,0.512563,0.622951,0.373737,0,0.490313,0.25064,0.416667,1
0.235294,0.477387,0.491803,0.323232,0,0.527571,0.087959,0.116667,0
0,0.904523,0.737705,0.262626,0.106383,0.543964,0.100769,0.233333,1
0.235294,0.859297,0.590164,0,0,0.649776,0.171221,0.0833333,1
0.117647,0.502513,0.557377,0.252525,0.0839244,0.573771,0.105038,0.0833333,0
0.117647,0.472362,0.557377,0.181818,0.0898345,0.387481,0.206234,0,0
0,0.839196,0,0,0,0.481371,0.324936,0.15,1
0.117647,0.417085,0.540984,0.232323,0.0591017,0.479881,0.178907,0.0166667,0
0.235294,0.457286,0.57377,0.323232,0.104019,0.493294,0.157131,0.0166667,0
0.0588235,0.547739,0.311475,0.181818,0.141844,0.344262,0.140478,0.0833333,0
0.176471,0.582915,0.606557,0.151515,0.124113,0.391952,0.0123826,0.05,0
0.117647,0.492462,0.491803,0.171717,0.141844,0.517139,0.0512383,0.0166667,0
0.176471,0.939699,0.57377,0.222222,0.236407,0.542474,0.140905,0.25,1
0.647059,0.557789,0.688525,0.40404,0,0.697466,0.361657,0.4,1
0,0.688442,0.327869,0.353535,0.198582,0.642325,0.943638,0.2,1
0,0.633166,0.688525,0.292929,0.254137,0.457526,0.188728,0.05,0
0.411765,0.809045,0.704918,0,0,0.453055,0.0371477,0.433333,1
0.176471,0.849246,0.606557,0.191919,0.147754,0.445604,0.0811272,0.166667,1
0,0.467337,0.491803,0.252525,0.108747,0.42772,0.193851,0.0166667,0
0.470588,0.984925,0.622951,0.292929,0.330969,0.558867,0.225021,0.6,1
0,0.949749,0.852459,0.252525,0,0.511177,0.152434,0.333333,1
0.0588235,0.356784,0.393443,0.181818,0.0898345,0.304024,0.104611,0.0166667,0
0.0588235,0.572864,0.540984,0.363636,0.236407,0.567809,0.0900939,0,0
0.0588235,0.643216,0.803279,0.414141,0.0685579,0.4769,0.530743,0.2,1
0.352941,0.572864,0,0,0,0,0.0473954,0.0833333,0
0.117647,0.452261,0.655738,0.141414,0.0650118,0.363636,0.0730145,0.05,0
0,0.673367,0.47541,0.20202,0.343972,0.393443,0.116994,0,0
0.0588235,0.477387,0.491803,0.181818,0.0685579,0.356185,0.0777114,0.0166667,0
0.294118,0.572864,0.606557,0,0,0.371088,0.284372,0.6,0
0.0588235,0.457286,0.52459,0.242424,0,0.435171,0.0486763,0,0
0.0588235,0.909548,0.52459,0.30303,0.212766,0.508197,0.106746,0.283333,1
0.0588235,0.477387,0.606557,0.212121,0.0862884,0.385991,0.254056,0.25,0
0.0588235,0.432161,0.540984,0.525253,0.0768322,0.615499,0.358241,0.133333,0
0.294118,0.557789,0.590164,0.282828,0,0.356185,0.140478,0.1,0
0.352941,0.738693,0.655738,0,0,0.439642,0.0426985,0.483333,1
0.117647,0.542714,0.52459,0,0,0.459016,0.0341588,0,0
0,0.477387,0.52459,0.393939,0.124113,0.66468,0.122972,0.0166667,0
0.470588,0.758794,0.639344,0.323232,0.248227,0.639344,0.18702,0.25,1
0.117647,0.542714,0.508197,0.323232,0.0661939,0.375559,0.0213493,0,0
0.529412,0.763819,0.639344,0.343434,0.202128,0.509687,0.347993,0.2,1
0.176471,0.532663,0.590164,0,0,0.384501,0.0550811,0.1,0
0.529412,0.924623,0.696721,0.151515,0,0.447094,0.484629,0.466667,1
0.294118,0.577889,0.803279,0,0,0.788376,0.0559351,0.116667,1
0,0.522613,0.52459,0.232323,0.137116,0.414307,0.160547,0.0333333,0
0.176471,0.542714,0.508197,0.242424,0,0.387481,0.0619129,0.0666667,0
0,0.507538,0.532787,0.282828,0,0.366617,0.0678907,0.0166667,0
0.0588235,0.60804,0.639344,0.393939,0.0874704,0.581222,0.0781383,0.116667,0
0.235294,0.472362,0.532787,0.222222,0,0.368107,0.029889,0,0
0.411765,0.527638,0,0,0,0,0.0969257,0.05,0
0.470588,0.884422,0.737705,0.343434,0.35461,0.502235,0.166097,0.616667,1
0.0588235,0.542714,0.491803,0.464646,0.210402,0.529061,0.143894,0.05,0
0.529412,0.457286,0.557377,0,0,0.360656,0.0520922,0.616667,0
0.0588235,0.557789,0.704918,0.191919,0,0.448584,0.0277541,0.0333333,0
0.470588,0.552764,0.622951,0,0,0.414307,0.0678907,0.616667,0
0.411765,0.984925,0.737705,0,0,0.593145,0.159266,0.333333,1
0.117647,0.422111,0,0,0,0,0.0964987,0,0
0.352941,0.9799,0.57377,0,0,0.460507,0.106746,0.166667,1
0,0.507538,0.52459,0.171717,0,0.312966,0.0742955,0,0
0.0588235,0.427136,0.540984,0.292929,0,0.396423,0.116567,0.166667,0
0.117647,0.58794,0.737705,0.191919,0.0839244,0.375559,0.100342,0,0
0.294118,0.834171,0.622951,0,0,0.681073,0.11187,0.1,1
0.235294,0.924623,0.639344,0.393939,0.327423,0.551416,0.0794193,0.166667,1
0,0.592965,0.688525,0.474747,0.271868,0.682563,0.201964,0.166667,1
0.176471,0.79397,0.622951,0.363636,0.289598,0.470939,0.33006,0.116667,1
0.764706,0.633166,0.737705,0,0,0.646796,0.215628,0.35,1
0.117647,0.371859,0,0,0,0,0.0102476,0.0166667,0
0.0588235,0.41206,0.52459,0.131313,0.112293,0.315946,0.143894,0.0333333,0
0.529412,0.562814,0.672131,0.242424,0,0.420268,0.514091,0.483333,1
0.705882,0.60804,0.639344,0.171717,0,0.394933,0.0772844,0.683333,0
0.0588235,0.396985,0.614754,0.30303,0,0.4769,0.135781,0.0166667,0
0.352941,0.81407,0.508197,0,0,0.362146,0.0426985,0.483333,1
0.352941,0.572864,0.721311,0,0,0.414307,0.0721605,0.75,0
0.0588235,0,0.393443,0.20202,0,0.368107,0.0264731,0.0166667,0
0.823529,0.502513,0.639344,0.252525,0.217494,0.545455,0.142613,0.416667,1
0.470588,0.477387,0.590164,0,0,0.548435,0.173783,0.6,0
0.117647,0.542714,0.655738,0,0,0.402385,0.0772844,0.516667,1
0.0588235,0.633166,0.459016,0.292929,0.179669,0.42772,0.30871,0,0
0,0.623116,0.459016,0.131313,0.124113,0.324888,0.159693,0,0
0.235294,0.648241,0.704918,0.20202,0.319149,0.5231,0.0653288,0.0333333,0
0.352941,0.743719,0.590164,0.353535,0,0.500745,0.234415,0.483333,1
0.352941,0.40201,0.655738,0.363636,0,0.593145,0.0422716,0.116667,0
0.0588235,0.366834,0.409836,0.10101,0,0.342772,0.0725875,0,0
0.117647,0.537688,0.606557,0.30303,0.118203,0.500745,0.139197,0.0333333,0
0.117647,0.542714,0.508197,0.10101,0.328605,0.377049,0.342869,0.0166667,0
0.0588235,0.517588,0.655738,0.111111,0.0969267,0.289121,0.176345,0.0166667,0
0.647059,0.678392,0,0,0,0.779434,0.213493,0.316667,1
0.176471,0.884422,0.704918,0.272727,0.184397,0.496274,0.459436,0.516667,1
0.352941,0.462312,0.508197,0.323232,0.148936,0.4769,0.0029889,0.416667,0
0,0.628141,0.786885,0,0,0.33532,0.0785653,0,0
0.117647,0.557789,0.491803,0,0,0.390462,0.113151,0.0333333,0
0.0588235,0.356784,0.508197,0,0,0.324888,0.144321,0.0833333,0
0.235294,0.562814,0.639344,0.40404,0,0.587183,0.0674637,0.283333,0
0.176471,0.914573,0.606557,0,0,0.454545,0.114005,0.133333,1
0,0.698492,0.508197,0.171717,0.248227,0.329359,0.0550811,0,0
0.470588,0.909548,0.557377,0.363636,0.585106,0.448584,0.229291,0.65,1
0.235294,0.869347,0.57377,0.141414,0.198582,0.442623,0.120837,0.2,1
0.117647,0.442211,0.606557,0.191919,0.0626478,0.432191,0.0644748,0.0166667,0
0.117647,0.407035,0.590164,0.151515,0.0898345,0.448584,0.200256,0.0666667,0
0.0588235,0.738693,0.770492,0.414141,0,0.734724,0.119556,0.1,1
0.176471,0.497487,0.508197,0.191919,0.0874704,0.324888,0.0858241,0.0833333,0
0.0588235,0.487437,0.557377,0.212121,0,0.405365,0.434244,0.0166667,0
0.176471,0.422111,0.557377,0.30303,0.125296,0.47541,0.219044,0.0666667,0
0.411765,0.894472,0.688525,0,0,0.594635,0.108027,0.333333,1
0.117647,0.341709,0.57377,0.323232,0.0780142,0.372578,0.0465414,0.0666667,0
0.764706,0.648241,0,0.30303,0,0.594635,0.20965,0.383333,1
0.0588235,0.628141,0.57377,0.242424,0.130024,0.362146,0.0610589,0.0666667,0
0.294118,0.527638,0.590164,0.292929,0.384161,0.549926,0.0345858,0.116667,0
0.176471,0.648241,0.754098,0.494949,0.183215,0.542474,0.380017,0.183333,1
0.0588235,0.537688,0.557377,0.191919,0,0.394933,0.0371477,0.05,0
0.529412,0.361809,0.639344,0.252525,0,0.470939,0.0862511,0.283333,0
0.235294,0.482412,0.459016,0.171717,0.0579196,0.309985,0.11187,0.0833333,0
0,0.522613,0.622951,0,0,0.274218,0.215201,0.1,0
0.176471,0.532663,0.442623,0.212121,0.186761,0.460507,0.0913749,0.05,0
0.470588,0.773869,0.639344,0.323232,0,0.482861,0.15585,0.4,1
0,0.492462,0.672131,0.151515,0.0992908,0.375559,0.0943638,0.0166667,0
0.235294,0.572864,0.52459,0,0,0.4307,0.0204953,0.05,0
0.176471,0.854271,0.52459,0.373737,0.265957,0.514158,0.118702,0.15,1
0.235294,0.462312,0.655738,0,0,0.628912,0.0678907,0.133333,0
0,0.909548,0.721311,0.444444,0.602837,0.645306,0.0614859,0.0833333,1
0.411765,0.572864,0.52459,0,0,0.408346,0.279249,0.216667,1
0.117647,0.502513,0.442623,0.282828,0.124113,0.563338,0.179334,0.05,0
0,0.688442,0.557377,0.141414,0.174941,0.369598,0.0277541,0,0
0.647059,0.683417,0.688525,0.353535,0.153664,0.421759,0.0777114,0.35,1
0.0588235,0.678392,0.442623,0,0,0.397914,0.260034,0.683333,0
0.235294,0.552764,0.754098,0,0,0.560358,0.0482494,0.15,0
0.470588,0.542714,0.57377,0,0,0.454545,0.374466,0.2,1
0.176471,0.557789,0.508197,0,0,0.336811,0.0273271,0,0
0.0588235,0,0.606557,0.20202,0.0271868,0.412817,0.0943638,0,0
0.0588235,0.407035,0.590164,0.181818,0.0472813,0.396423,0.087532,0.05,0
0.117647,0.874372,0.721311,0.373737,0.141844,0.663189,0.242528,0.05,1
0.0588235,0.40201,0.606557,0.111111,0.070922,0.447094,0.191716,0.0166667,0
0,0.658291,0,0,0,0.643815,0.0819812,0.0833333,1
0.0588235,0.507538,0.409836,0.151515,0.0425532,0.360656,0.191289,0.0833333,0
0.352941,0.974874,0.639344,0,0,0.350224,0.0217763,0.633333,1
0.647059,0.693467,0.606557,0.262626,0.170213,0.538003,0.204526,0.483333,1
0.0588235,0.452261,0.508197,0.181818,0.06974,0.374069,0.508113,0.0666667,0
0.294118,0.939699,0.622951,0.272727,0.244681,0.649776,0.408198,0.533333,1
0.352941,0.954774,0.754098,0,0,0.529061,0.0853971,0.75,1
0.411765,0.738693,0.622951,0,0,0.587183,0.0764304,0.366667,1
0.235294,0.638191,0.721311,0.111111,0.183215,0.514158,0.222032,0.116667,0
0.0588235,0.447236,0.196721,0.191919,0.0295508,0.414307,0.20538,0,0
0.294118,0.542714,0.590164,0.434343,0.0886525,0.538003,0.0789923,0.2,0
0,0.512563,0.42623,0,0,0.374069,0,0,0
0,0.904523,0.540984,0.393939,0,0.625931,0.774979,0.0666667,1
0.235294,0.61809,0.655738,0.151515,0.208038,0.4769,0.15585,0.216667,0
0.470588,0.718593,0.540984,0,0,0.520119,0.0217763,0.333333,1
0.117647,0.653266,0.786885,0,0,0.336811,0.0811272,0,0
0.588235,0.452261,0.696721,0.323232,0,0.520119,0.318958,0.583333,1
0.117647,0.532663,0.459016,0.272727,0.195035,0.432191,0.148591,0.0166667,0
0.0588235,0.467337,0.459016,0.111111,0,0.33532,0.144748,0.0166667,0
0.529412,0.728643,0.721311,0.343434,0.195035,0.451565,0.295901,0.533333,1
0.117647,0.502513,0.52459,0.232323,0,0.442623,0.123826,0,0
0.470588,0.547739,0.622951,0.393939,0.134752,0.415797,0.239966,0.166667,1
0.117647,0.417085,0.532787,0.282828,0.0780142,0.548435,0.235269,0.05,0
0.529412,0.728643,0.655738,0.464646,0.153664,0.564829,0.238685,0.316667,1
0.176471,0.452261,0.639344,0,0,0.636364,0.20538,0,0
0.294118,0.844221,0.52459,0,0,0.490313,0.0243382,0.333333,1
0.0588235,0.407035,0.606557,0.414141,0.0673759,0.690015,0.434671,0.183333,0
0.294118,0.386935,0.672131,0.414141,0.0496454,0.533532,0.0333049,0.233333,0
0.0588235,0.447236,0.540984,0.232323,0.111111,0.418778,0.0380017,0,0
0,0.809045,0.409836,0,0,0.326379,0.0751494,0.733333,0
0,0.899498,0.737705,0.272727,0,0.657228,0.259607,0.0333333,1
0.588235,0.376884,0.672131,0,0,0.496274,0.0789923,0.283333,0
0.235294,0.427136,0.47541,0.222222,0.0579196,0.414307,0.0973527,0.116667,0
0.0588235,0.447236,0.622951,0.343434,0.0437352,0.464978,0.0486763,0.0333333,0
0,0.512563,0.52459,0.464646,0.0921986,0.605067,0.17848,0,0
0.235294,0.577889,0.590164,0,0,0.4307,0.127242,0.416667,1
0.0588235,0.502513,0.590164,0.121212,0.0827423,0.377049,0.247652,0.116667,0
0.411765,0.547739,0.655738,0.313131,0,0.535022,0.447908,0.366667,1
0.470588,0.778894,0.508197,0.262626,0.585106,0.506706,0.198548,0.416667,1
0.294118,0.582915,0.606557,0,0,0.38152,0.0525192,0.15,0
0.176471,0.371859,0.557377,0.282828,0.0531915,0.442623,0.0918019,0.0333333,0
0.0588235,0.417085,0.557377,0,0,0.271237,0.233134,0.1,0
0.0588235,0.658291,0.52459,0.141414,0.490544,0.353204,0.132792,0,0
0.470588,0.668342,0.590164,0,0,0.490313,0.0819812,0.3,1
0.0588235,0.547739,0.491803,0.0808081,0.21513,0.37854,0.37105,0,0
0.882353,0.683417,0.57377,0.323232,0.130024,0.552906,0.0320239,0.366667,1
0.0588235,0.442211,0.508197,0.242424,0.0520095,0.445604,0.146883,0.0333333,0
0.0588235,0.482412,0.52459,0.272727,0.102837,0.494784,0.0900939,0,0
0.176471,0.869347,0.688525,0.333333,0.560284,0.532042,0.0768574,0.0166667,1
0.235294,0.859297,0.590164,0,0,0.649776,0.171221,0.0833333,1
0.235294,0.733668,0.639344,0,0,0.573771,0.188728,0.766667,1
0.117647,0.502513,0.557377,0.252525,0.0839244,0.573771,0.105038,0.0833333,0
0.0588235,1,0.622951,0.434343,0,0.639344,0.561913,0.0166667,1
0.0588235,0.984925,0.622951,0.363636,0.294326,0.543964,0.340307,0.133333,1
0.470588,0.603015,0.639344,0,0,0.372578,0.141332,0.716667,0
0.176471,0.869347,0.639344,0.393939,0.218676,0.503726,0.380871,0.166667,1
0.0588235,0.497487,0.590164,0.30303,0.0212766,0.575261,0.142613,0,0
0.0588235,0.537688,0.590164,0.30303,0.0969267,0.459016,0.31725,0.05,0
0.0588235,0.477387,0.540984,0.131313,0.0449173,0.292101,0.109308,0.0666667,0
0.117647,0.562814,0.557377,0.222222,0.111111,0.508197,0.101196,0.0833333,0
0.117647,0.572864,0.557377,0.222222,0,0.42772,0.0059778,0.0666667,0
0,0.527638,0.557377,0.222222,0,0.298063,0.0674637,0.0166667,0
0.588235,0.628141,0.57377,0.262626,0.135934,0.463487,0.0542272,0.333333,1
0,0.708543,0,0,0,0.631893,0.0542272,0.133333,1
0.0588235,0.613065,0.737705,0.515152,0.260047,0.740686,0.105465,0.166667,1
0.470588,0.497487,0.688525,0,0,0.527571,0.132365,0.483333,0
0,0.532663,0.57377,0.373737,0.174941,0.587183,0.225021,0.0166667,0
0.176471,0.482412,0.639344,0.393939,0,0.555887,0.0683177,0.316667,0
0.117647,0.497487,0.57377,0.161616,0.0520095,0.304024,0.0670367,0.1,0
0.0588235,0.527638,0.47541,0,0,0.362146,0.0465414,0,0
0.470588,0.623116,0.622951,0.242424,0.70922,0.42772,0.260034,0.516667,1
0.176471,0.874372,0.47541,0.222222,0.229314,0.490313,0.219898,0.25,1
0.0588235,0.502513,0.606557,0.121212,0.0543735,0.290611,0.030316,0.116667,0
0,0.728643,0,0,0,0.658718,0.235696,0.166667,1
0.117647,0.577889,0.52459,0.222222,0,0.459016,0.146456,0,0
0.176471,0.557789,0.47541,0.313131,0.0520095,0.439642,0.150299,0.0166667,0
0,0.371859,0.42623,0.10101,0.0425532,0.414307,0.0815542,0.0166667,0
0.294118,0.442211,0.639344,0.30303,0,0.411326,0.0768574,0.266667,0
0.0588235,0.497487,0.47541,0.10101,0,0.37854,0.201964,0,0
0.0588235,0.487437,0.540984,0.151515,0.165485,0.345753,0.174637,0.0166667,0
0.647059,0.603015,0.655738,0.373737,0.177305,0.630402,0.301879,0.45,1
0.0588235,0.592965,0.47541,0.363636,0.111111,0.496274,0.0781383,0.0333333,0
0.117647,0.376884,0.52459,0.242424,0.0650118,0.442623,0.12468,0.2,0
0.0588235,0.718593,0.606557,0.222222,0.072104,0.390462,0.0760034,0,0
0.117647,0.542714,0.42623,0.262626,0.0744681,0.484352,0.102477,0.0166667,0
0,0.512563,0.639344,0.40404,0.106383,0.514158,0.0683177,0.05,0
0.117647,0.527638,0.47541,0.40404,0.111111,0.520119,0.0627669,0.0666667,0
0.117647,0.648241,0.688525,0,0,0.417288,0.087959,0.1,0
0.176471,0.577889,0.540984,0.393939,0.165485,0.567809,0.030743,0.116667,0
0.294118,0.442211,0.540984,0.212121,0.0271868,0.363636,0.112724,0.15,0
0.0588235,0.542714,0.721311,0.191919,0,0.403875,0.137489,0.05,0
0,0.758794,0.737705,0.464646,0,0.627422,0.125107,0,1
0.0588235,0.502513,0.540984,0.151515,0.0661939,0.351714,0.251067,0.0833333,0
