5.0,147.0,78.0,0.0,0.0,33.7,0.218,65.0,0
0.0,123.0,88.0,37.0,0.0,35.2,0.197,29.0,0
7.0,194.0,68.0,28.0,0.0,35.9,0.745,41.0,1
1.0,91.0,54.0,25.0,100.0,25.2,0.234,23.0,0
10.0,115.0,0.0,0.0,0.0,35.3,0.134,29.0,0
10.0,92.0,62.0,0.0,0.0,25.9,0.167,31.0,0
0.0,74.0,52.0,10.0,36.0,27.8,0.269,22.0,0
0.0,100.0,70.0,26.0,50.0,30.8,0.597,21.0,0
2.0,87.0,0.0,23.0,0.0,28.9,0.773,25.0,0
1.0,181.0,64.0,30.0,180.0,34.1,0.328,38.0,1
1.0,90.0,62.0,12.0,43.0,27.2,0.58,24.0,0
8.0,176.0,90.0,34.0,300.0,33.7,0.467,58.0,1
1.0,119.0,54.0,13.0,50.0,22.3,0.205,24.0,0
9.0,134.0,74.0,33.0,60.0,25.9,0.46,81.0,0
8.0,95.0,72.0,0.0,0.0,36.8,0.485,57.0,0
1.0,107.0,72.0,30.0,82.0,30.8,0.821,24.0,0
1.0,85.0,66.0,29.0,0.0,26.6,0.351,31.0,0
9.0,184.0,85.0,15.0,0.0,30.0,1.213,49.0,1
7.0,142.0,60.0,33.0,190.0,28.8,0.687,61.0,0
2.0,155.0,52.0,27.0,540.0,38.7,0.24,25.0,1
2.0,108.0,62.0,10.0,278.0,25.3,0.881,22.0,0
7.0,178.0,84.0,0.0,0.0,39.9,0.331,41.0,1
2.0,82.0,52.0,22.0,115.0,28.5,1.699,25.0,0
1.0,90.0,68.0,8.0,0.0,24.5,1.138,36.0,0
6.0,166.0,74.0,0.0,0.0,26.6,0.304,66.0,0
0.0,102.0,52.0,0.0,0.0,25.1,0.078,21.0,0
7.0,114.0,66.0,0.0,0.0,32.8,0.258,42.0,1
3.0,128.0,72.0,25.0,190.0,32.4,0.549,27.0,1
1.0,119.0,44.0,47.0,63.0,35.5,0.28,25.0,0
0.0,108.0,68.0,20.0,0.0,27.3,0.787,32.0,0
1.0,139.0,46.0,19.0,83.0,28.7,0.654,22.0,0
2.0,99.0,52.0,15.0,94.0,24.6,0.637,21.0,0
8.0,65.0,72.0,23.0,0.0,32.0,0.6,42.0,0
0.0,101.0,65.0,28.0,0.0,24.6,0.237,22.0,0
1.0,87.0,68.0,34.0,77.0,37.6,0.401,24.0,0
1.0,135.0,54.0,0.0,0.0,26.7,0.687,62.0,0
2.0,106.0,64.0,35.0,119.0,30.5,1.4,34.0,0
8.0,85.0,55.0,20.0,0.0,24.4,0.136,42.0,0
3.0,113.0,44.0,13.0,0.0,22.4,0.14,22.0,0
4.0,142.0,86.0,0.0,0.0,44.0,0.645,22.0,1
0.0,113.0,80.0,16.0,0.0,31.0,0.874,21.0,0
3.0,111.0,90.0,12.0,78.0,28.4,0.495,29.0,0
2.0,197.0,70.0,99.0,0.0,34.7,0.575,62.0,1
6.0,117.0,96.0,0.0,0.0,28.7,0.157,30.0,0
10.0,68.0,106.0,23.0,49.0,35.5,0.285,47.0,0
1.0,128.0,82.0,17.0,183.0,27.5,0.115,22.0,0
9.0,122.0,56.0,0.0,0.0,33.3,1.114,33.0,1
1.0,124.0,60.0,32.0,0.0,35.8,0.514,21.0,0
13.0,129.0,0.0,30.0,0.0,39.9,0.569,44.0,1
9.0,124.0,70.0,33.0,402.0,35.4,0.282,34.0,0
0.0,102.0,75.0,23.0,0.0,0.0,0.572,21.0,0
8.0,183.0,64.0,0.0,0.0,23.3,0.672,32.0,1
2.0,92.0,62.0,28.0,0.0,31.6,0.13,24.0,0
0.0,179.0,50.0,36.0,159.0,37.8,0.455,22.0,1
