0.710526,0.365217,0.0860927,0.25974,0.0136986,0.1,2
0.868421,0.278261,0.0596026,0.155844,0.0410959,0.0,2
0.631579,0.8,0.0860927,0.285714,0.00684932,0.025,1
0.631579,0.252174,0.0596026,0.246753,0.0342466,0.025,1
0.684211,0.382609,0.18543,0.272727,0.0273973,0.05,1
0.526316,0.6,0.271523,0.285714,0.0890411,0.0,1
0.973684,0.513043,0.198675,0.948052,0.678082,0.35,2
0.605263,0.634783,0.15894,0.207792,0.119863,0.025,1
0.526316,0.834783,0.172185,0.272727,0.0410959,0.025,1
0.552632,0.182609,0.112583,0.0779221,0.0342466,0.25,2
0.710526,0.321739,0.125828,0.12987,0.0479452,0.05,1
0.684211,0.278261,0.15894,0.298701,0.263699,0.2,2
0.921053,0.321739,0.165563,0.233766,0.243151,0.3,2
0.684211,0.747826,0.192053,0.12987,0.0445205,0.2,1
0.868421,0.869565,0.15894,0.246753,0.0890411,0.4,1
0.736842,0.469565,0.231788,0.415584,0.35274,0.8,1
0.447368,0.286957,0.417219,0.428571,0.297945,0.3,2
0.631579,0.486957,0.0860927,0.155844,0.0376712,0.025,1
0.605263,0.4,0.437086,0.246753,0.202055,0.1,1
0.710526,0.495652,0.0397351,0.272727,0.0513699,0.3,1
0.868421,0.173913,0.205298,0.233766,0.219178,0.3,2
0.710526,0.304348,0.0662252,0.142857,0.0273973,0.025,2
0.736842,0.313043,0.0860927,0.194805,0.0308219,0.4,2
0.473684,0.269565,0.152318,0.12987,0.0239726,0.025,1
0.815789,0.278261,0.291391,0.441558,0.126712,0.2,2
0.894737,0.4,0.271523,0.350649,0.0856164,0.15,1
0.710526,0.434783,0.13245,0.207792,0.14726,0.2,2
0.763158,0.591304,0.172185,0.272727,0.0684932,0.1,2
0.842105,0.495652,0.0860927,0.194805,0.164384,0.4,2
0.578947,0.452174,0.218543,0.181818,0.222603,0.1,2
0.552632,0.486957,0.218543,0.298701,0.0308219,0.025,1
0.5,0.565217,0.15894,0.25974,0.10274,0.025,2
0.789474,0.33913,0.397351,0.480519,0.243151,0.3,1
0.552632,0.304348,0.211921,0.285714,0.184932,0.025,2
0.736842,0.391304,0.13245,0.168831,0.0479452,0.3,1
0.526316,0.356522,0.364238,0.350649,0.0616438,0.0,2
0.736842,0.0,0.205298,0.194805,0.0513699,0.025,1
0.657895,0.347826,0.165563,0.233766,0.178082,0.1,1
0.526316,0.486957,0.0860927,0.038961,0.0136986,0.025,1
0.447368,0.391304,0.10596,0.220779,0.0136986,0.2,2
0.684211,0.426087,1.0,0.818182,0.263699,0.025,2
0.842105,0.6,0.119205,0.298701,0.150685,0.6,2
0.710526,0.608696,0.357616,0.38961,0.393836,0.35,1
0.657895,0.295652,0.178808,0.168831,0.109589,0.2,2
0.5,0.513043,0.112583,0.207792,0.0479452,0.025,2
0.578947,0.6,0.112583,0.220779,0.109589,0.05,2
0.736842,0.556522,0.0927152,0.155844,0.0719178,0.1,1
0.842105,0.417391,0.165563,0.220779,0.160959,0.4,1
0.684211,0.252174,0.0728477,0.220779,0.0205479,0.025,2
0.5,0.66087,0.192053,0.181818,0.0719178,0.4,1
0.605263,0.330435,0.0993377,0.207792,0.0273973,0.025,2
0.815789,0.443478,0.152318,0.25974,0.130137,0.3,2
0.657895,0.556522,0.0993377,0.25974,0.0479452,0.025,1
0.763158,0.678261,0.245033,0.194805,0.164384,0.025,2
0.842105,0.417391,0.165563,0.220779,0.160959,0.4,1
0.763158,0.304348,0.112583,0.168831,0.0719178,0.1,2
0.552632,0.869565,0.10596,0.25974,0.0616438,0.5,2
0.684211,0.495652,0.218543,0.233766,0.0753425,0.2,1
0.5,0.495652,0.284768,0.363636,0.315068,0.025,1
0.578947,0.269565,0.245033,0.311688,0.0616438,0.3,1
0.5,0.434783,0.278146,0.350649,0.116438,0.2,2
0.736842,0.234783,0.0927152,0.25974,0.0410959,0.3,2
0.605263,0.591304,0.344371,0.38961,0.414384,0.45,2
0.815789,0.408696,0.112583,0.272727,0.0547945,0.2,2
0.368421,0.13913,0.0662252,0.181818,0.0136986,0.025,2
0.5,0.513043,0.258278,0.350649,0.113014,0.1,1
0.710526,0.269565,0.119205,0.194805,0.00684932,0.025,1
0.763158,0.286957,0.172185,0.168831,0.0753425,0.025,2
0.736842,0.530435,0.357616,0.545455,0.195205,0.35,2
0.631579,0.747826,0.145695,0.25974,0.0753425,0.1,2
0.815789,0.182609,0.251656,0.233766,0.232877,0.4,1
0.710526,0.608696,0.119205,0.298701,0.40411,0.45,1
0.657895,0.382609,0.205298,0.181818,0.10274,0.1,1
0.710526,0.313043,0.205298,0.103896,0.0479452,0.025,1
0.631579,0.347826,0.119205,0.285714,0.0171233,0.2,1
0.552632,0.530435,0.0927152,0.116883,0.0376712,0.025,2
0.657895,0.208696,0.15894,0.12987,0.0445205,0.025,1
1.0,0.452174,0.0993377,0.324675,0.0273973,0.05,2
0.605263,0.504348,0.245033,0.285714,0.106164,0.025,2
0.552632,0.469565,0.139073,0.181818,0.0445205,0.025,1
0.578947,0.4,0.119205,0.272727,0.0205479,0.025,2
0.868421,0.66087,0.350993,0.519481,0.205479,1.0,1
0.657895,0.33913,0.119205,0.207792,0.0547945,0.4,1
0.868421,0.295652,0.178808,0.376623,0.232877,0.5,2
0.526316,0.313043,0.139073,0.194805,0.0684932,0.15,2
0.657895,0.426087,0.0662252,0.12987,0.0445205,0.025,2
0.605263,0.208696,0.205298,0.272727,0.0958904,0.15,2
0.710526,0.434783,0.192053,0.376623,0.376712,0.25,2
0.631579,0.347826,0.13245,0.311688,0.0821918,0.3,2
0.684211,0.634783,0.205298,0.220779,0.445205,0.025,1
0.657895,0.347826,0.0529801,0.272727,0.0547945,0.3,2
0.657895,0.426087,0.0860927,0.181818,0.0479452,0.3,2
0.578947,0.373913,0.152318,0.220779,0.0136986,0.1,1
0.894737,0.452174,0.145695,0.246753,0.123288,0.6,1
0.710526,0.147826,0.0993377,0.194805,0.0547945,0.2,2
0.710526,0.330435,0.0927152,0.103896,0.260274,0.15,2
