94.0,48.0,11.0,23.0,43.0,0.5,2
93.0,84.0,58.0,47.0,62.0,7.0,2
92.0,70.0,24.0,13.0,26.0,0.5,1
91.0,84.0,11.0,12.0,10.0,0.5,1
84.0,82.0,21.0,21.0,19.0,0.5,2
98.0,58.0,33.0,21.0,28.0,2.0,1
86.0,57.0,13.0,20.0,13.0,0.5,2
93.0,23.0,35.0,20.0,20.0,0.5,1
92.0,60.0,30.0,27.0,297.0,2.0,2
86.0,79.0,37.0,28.0,14.0,0.5,1
86.0,77.0,25.0,19.0,18.0,0.5,1
93.0,50.0,18.0,25.0,17.0,6.0,2
102.0,82.0,34.0,78.0,203.0,7.0,2
94.0,101.0,41.0,20.0,53.0,0.5,2
103.0,75.0,19.0,30.0,13.0,1.0,2
90.0,80.0,19.0,14.0,42.0,2.0,1
86.0,54.0,33.0,16.0,54.0,0.0,2
91.0,93.0,35.0,34.0,37.0,10.0,2
88.0,37.0,9.0,15.0,16.0,6.0,2
92.0,80.0,10.0,26.0,20.0,6.0,1
