111111
0.657895,0.278261,0.10596,0.194805,0.0376712,0.15,1
0.578947,0.582609,0.258278,0.298701,0.517123,0.1,2
0.710526,0.434783,0.192053,0.376623,0.376712,0.25,2
0.710526,0.434783,0.13245,0.207792,0.14726,0.2,2
0.447368,0.286957,0.417219,0.428571,0.297945,0.3,2
0.578947,0.547826,0.15894,0.233766,0.0547945,0.2,2
0.736842,0.66087,0.211921,0.376623,0.14726,0.3,2
0.684211,0.321739,0.18543,0.116883,0.010274,0.05,1
0.842105,0.608696,0.112583,0.194805,0.215753,0.3,2
0.868421,0.469565,0.337748,0.38961,0.287671,0.75,1
0.763158,0.452174,0.10596,0.25974,0.113014,0.025,2
0.552632,0.182609,0.112583,0.0779221,0.0342466,0.25,2
0.447368,0.391304,0.10596,0.220779,0.0136986,0.2,2
0.552632,0.304348,0.211921,0.285714,0.184932,0.025,2
0.526316,0.243478,0.145695,0.246753,0.0616438,0.05,2
0.684211,0.295652,0.192053,0.233766,0.0239726,0.4,1
0.736842,0.469565,0.231788,0.415584,0.35274,0.8,1
0.578947,0.165217,0.145695,0.233766,0.0410959,0.2,2
0.684211,0.495652,0.112583,0.181818,0.0308219,0.05,1
0.710526,0.408696,0.13245,0.103896,0.0719178,0.025,1
0.631579,0.513043,0.125828,0.116883,0.10274,0.025,1
0.473684,0.408696,0.0860927,0.181818,0.0616438,0.2,2
0.736842,0.391304,0.13245,0.168831,0.0479452,0.3,1
0.736842,0.286957,0.139073,0.207792,0.0958904,0.025,2
0.684211,1.0,0.271523,0.207792,0.14726,0.5,1
0.526316,0.304348,0.0927152,0.246753,0.0376712,0.025,2
0.526316,0.313043,0.139073,0.194805,0.0684932,0.15,2
0.578947,0.286957,0.317881,0.493506,0.171233,0.5,2
0.710526,0.53913,0.139073,0.194805,0.0239726,0.025,1
0.710526,0.382609,0.125828,0.12987,0.0239726,0.025,1
0.789474,0.608696,0.112583,0.285714,0.143836,0.3,2
0.710526,0.313043,0.205298,0.103896,0.0479452,0.025,1
0.684211,0.382609,0.18543,0.272727,0.0273973,0.05,1
0.605263,0.634783,0.15894,0.207792,0.119863,0.025,1
0.631579,0.382609,0.125828,0.142857,0.0171233,0.025,1
0.684211,0.426087,1.0,0.818182,0.263699,0.025,2
0.605263,0.208696,0.205298,0.272727,0.0958904,0.15,2
0.605263,0.608696,0.165563,0.285714,0.0890411,0.2,2
0.763158,0.304348,0.112583,0.168831,0.0719178,0.1,2
0.815789,0.443478,0.152318,0.25974,0.130137,0.3,2
0.631579,0.426087,0.192053,0.285714,0.171233,0.2,2
0.605263,0.617391,0.145695,0.168831,0.010274,0.025,1
0.552632,0.486957,0.15894,0.142857,0.0410959,0.025,1
0.657895,0.634783,0.198675,0.571429,0.561644,0.2,2
0.684211,0.278261,0.15894,0.298701,0.263699,0.2,2
0.605263,0.2,0.0728477,0.363636,0.171233,0.2,2
0.447368,0.33913,0.0860927,0.155844,0.0342466,0.025,1
0.894737,0.165217,0.0662252,0.207792,0.150685,0.25,2
0.605263,0.121739,0.0331126,0.12987,0.0376712,0.3,2
0.657895,0.495652,0.0993377,0.116883,0.126712,0.1,1
0.605263,0.443478,0.178808,0.25974,0.0342466,0.025,1
0.868421,0.234783,0.152318,0.25974,0.164384,0.2,2
0.578947,0.452174,0.139073,0.207792,0.0308219,0.0,1
0.763158,0.304348,0.112583,0.168831,0.0719178,0.1,2
