0.0588235,0.653266,0.57377,0.131313,0.124113,0.385991,0.168232,0.0166667,0
0.352941,0.9799,0.57377,0,0,0.460507,0.106746,0.166667,1
0.235294,0.688442,0.688525,0,0,0.464978,0.0742955,0.15,0
0.235294,0.924623,0.639344,0.393939,0.327423,0.551416,0.0794193,0.166667,1
0.176471,0.40201,0.672131,0.313131,0.0827423,0.509687,0.51836,0.1,1
0.529412,0.447236,0.508197,0,0,0.33532,0.0273271,0.2,0
0.176471,0.623116,0.655738,0.333333,0.153664,0.494784,0.0969257,0.0833333,0
0.117647,0.552764,0.606557,0.292929,0.147754,0.482861,0.264731,0.1,0
0.117647,0.462312,0.622951,0.20202,0,0.360656,0.691716,0.116667,0
0.352941,0.743719,0.590164,0.353535,0,0.500745,0.234415,0.483333,1
0.117647,0.733668,0.622951,0.353535,0.229314,0.5693,0.107173,0.133333,0
0.117647,0.79397,0.737705,0,0,0.470939,0.310418,0.75,1
0.176471,0.884422,0.704918,0.272727,0.184397,0.496274,0.459436,0.516667,1
0.235294,0.547739,0.52459,0.444444,0.117021,0.518629,0.353117,0.0833333,1
0.470588,0.562814,0.590164,0,0,0.351714,0.325363,0.616667,0
0.176471,0.482412,0.459016,0.343434,0.135934,0.368107,0.369769,0.3,0
0.176471,0.914573,0.606557,0,0,0.454545,0.114005,0.133333,1
0,0.698492,0.508197,0.171717,0.248227,0.329359,0.0550811,0,0
0.0588235,0.477387,0.672131,0.252525,0.212766,0.52161,0.0661827,0.366667,1
0.0588235,0.738693,0.770492,0.414141,0,0.734724,0.119556,0.1,1
0.0588235,0.768844,0.672131,0.424242,0.573286,0.605067,0.260034,0.0333333,0
0.411765,0.572864,0.540984,0,0,0.488823,0.0768574,0.35,1
0.588235,0.452261,0.696721,0.323232,0,0.520119,0.318958,0.583333,1
0.176471,0.613065,0.639344,0,0,0.342772,0.0751494,0.316667,0
0.470588,0.537688,0.655738,0,0,0.366617,0.332195,0.216667,0
0.411765,0.311558,0.639344,0,0,0.485842,0.133646,0.333333,0
0.176471,0.663317,0.655738,0,0,0.512668,0.138343,0.383333,1
0.235294,0.78392,0.614754,0,0,0.719821,0.0683177,0.183333,1
0.588235,0.472362,0.590164,0.181818,0,0.344262,0.220752,0.583333,0
0.352941,0.517588,0.540984,0,0,0.362146,0.0730145,0.133333,0
0.0588235,0.407035,0.606557,0.414141,0.0673759,0.690015,0.434671,0.183333,0
0.235294,0.708543,0.606557,0,0,0.411326,0.0708796,0.316667,0
0.117647,0.562814,0.704918,0.424242,0.189125,0.57228,0.0717336,0.116667,0
0.470588,0.778894,0.508197,0.262626,0.585106,0.506706,0.198548,0.416667,1
0.235294,0.733668,0.754098,0,0,0.464978,0.19684,0.666667,1
0.0588235,0.643216,0.721311,0.393939,0.130024,0.543964,0.418019,0.266667,1
0.411765,0.537688,0.606557,0,0,0.441133,0.0751494,0.166667,1
0.294118,0.547739,0.614754,0.262626,0,0.536513,0.199829,0.65,0
0.705882,0.502513,0.688525,0.333333,0.124113,0.447094,0.175064,0.416667,0
0.235294,0.859297,0.590164,0,0,0.649776,0.171221,0.0833333,1
0.117647,0.41206,0.42623,0.222222,0.135934,0.424739,0.692143,0.0666667,0
0.294118,0.79397,0.57377,0,0,0.444113,0.0550811,0.7,0
0.176471,0.869347,0.639344,0.393939,0.218676,0.503726,0.380871,0.166667,1
0,0.547739,0.721311,0.30303,0,0.484352,0.331768,0.283333,1
0.352941,0.437186,0.655738,0,0,0.345753,0.00256191,0.183333,0
0.0588235,0.613065,0.737705,0.515152,0.260047,0.740686,0.105465,0.166667,1
0.529412,0.824121,0.639344,0,0,0.488823,0.029889,0.4,1
0.470588,0.497487,0.688525,0,0,0.527571,0.132365,0.483333,0
0.176471,0.482412,0.639344,0.393939,0,0.555887,0.0683177,0.316667,0
0.411765,0.668342,0.721311,0.151515,0.183215,0.482861,0.0785653,0.266667,0
0.294118,0.497487,0.442623,0.282828,0.0981087,0.506706,0.179761,0.15,0
0.176471,0.874372,0.47541,0.222222,0.229314,0.490313,0.219898,0.25,1
0.117647,0.733668,0,0,0,0.409836,0.0691716,0.116667,1
0.117647,0.447236,0.737705,0.30303,0,0.499255,0.0913749,0.35,0
0.411765,0.623116,0.57377,0.333333,0.254137,0.38003,0.0354398,0.266667,0
0.647059,0.603015,0.655738,0.373737,0.177305,0.630402,0.301879,0.45,1
0.0588235,0.718593,0.606557,0.222222,0.072104,0.390462,0.0760034,0,0
0,0.758794,0.737705,0.464646,0,0.627422,0.125107,0,1
0.176471,0.517588,0.590164,0.30303,0.179669,0.411326,0.278395,0.1,0
0.470588,0.934673,0.737705,0.353535,0.265957,0.514158,0.14731,0.266667,1
0.294118,0.738693,0.639344,0,0,0.502235,0.059778,0.733333,0
0.647059,0.557789,0.688525,0.40404,0,0.697466,0.361657,0.4,1
0.0588235,0.58794,0.721311,0.242424,0.171395,0.514158,0.13877,0.316667,1
0.411765,0.809045,0.704918,0,0,0.453055,0.0371477,0.433333,1
0.235294,0.713568,0.704918,0,0,0.655738,0.242101,0.0166667,1
0,0.763819,0.672131,0.393939,0.321513,0.61848,0.0819812,0.1,0
0.294118,0.562814,0.540984,0,0,0.563338,0.0781383,0.333333,1
0.235294,0.658291,0.557377,0.212121,0.196217,0.493294,0.0350128,0.116667,0
0.117647,0.778894,0.606557,0.171717,0.113475,0.396423,0.15158,0.1,1
0.411765,0.798995,0.540984,0,0,0.453055,0.130231,0.25,1
0.176471,0.819095,0.57377,0.181818,0.124113,0.470939,0.0811272,0.116667,1
0.117647,0.497487,0,0,0,0.330849,0.0128096,0.0333333,0
0.294118,0.572864,0.606557,0,0,0.371088,0.284372,0.6,0
0.0588235,0.909548,0.52459,0.30303,0.212766,0.508197,0.106746,0.283333,1
0.352941,0.427136,0.639344,0,0,0.464978,0.129804,0.35,0
0.0588235,0.477387,0.606557,0.212121,0.0862884,0.385991,0.254056,0.25,0
0.0588235,0.432161,0.540984,0.525253,0.0768322,0.615499,0.358241,0.133333,0
0.235294,0.552764,0.540984,0,0,0.47541,0.167805,0.133333,0
0.411765,0.628141,0.704918,0,0,0.560358,0.0964987,0.5,0
0.294118,0.577889,0.803279,0,0,0.788376,0.0559351,0.116667,1
0.411765,0.713568,0.737705,0.242424,0.567376,0.453055,0.0213493,0.366667,1
0.294118,0.723618,0.672131,0.262626,0.336879,0.4769,0.159693,0.616667,1
0.294118,0.613065,0.704918,0,0,0.517139,0.0905209,0.2,0
0.470588,0.884422,0.737705,0.343434,0.35461,0.502235,0.166097,0.616667,1
0.352941,0.462312,0.754098,0,0,0.296572,0.0469684,0.116667,0
0.0588235,0.653266,0.57377,0.131313,0.124113,0.385991,0.168232,0.0166667,0
0.352941,0.9799,0.57377,0,0,0.460507,0.106746,0.166667,1
0.0588235,0.718593,0.688525,0.232323,0.36643,0.631893,0.426131,0.0166667,0
0.470588,0.422111,0.606557,0.313131,0,0.57079,0.161827,0.3,0
0.294118,0.834171,0.622951,0,0,0.681073,0.11187,0.1,1
0.235294,0.688442,0.688525,0,0,0.464978,0.0742955,0.15,0
0.235294,0.924623,0.639344,0.393939,0.327423,0.551416,0.0794193,0.166667,1
0.411765,0.512563,0.606557,0.40404,0.124113,0.554396,0.0538002,0.4,0
0.176471,0.40201,0.672131,0.313131,0.0827423,0.509687,0.51836,0.1,1
0.117647,0.437186,0,0.232323,0,0.4307,0.296755,0.0666667,0
0,0.688442,0.688525,0.272727,0,0.406855,0.0653288,0.633333,0
0.705882,0.60804,0.639344,0.171717,0,0.394933,0.0772844,0.683333,0
0.117647,0.552764,0.606557,0.292929,0.147754,0.482861,0.264731,0.1,0
0,0.502513,0.57377,0.262626,0.0591017,0.459016,0.221605,0,0
0.117647,0.281407,0.459016,0.282828,0.0531915,0.360656,0.108454,0.0166667,0
0.0588235,0.633166,0.459016,0.292929,0.179669,0.42772,0.30871,0,0
0.0588235,0.442211,0.639344,0.292929,0.0898345,0.4769,0.122545,0.133333,0
0.352941,0.743719,0.590164,0.353535,0,0.500745,0.234415,0.483333,1
0.529412,0.854271,0.606557,0.313131,0,0.655738,0.13877,0.366667,1
0,0.638191,0.655738,0.373737,0.248227,0.540984,0.309991,0.0333333,0
0.117647,0.733668,0.57377,0.383838,0.425532,0.417288,0.110589,0.133333,1
0,0.567839,0.655738,0.161616,0,0.461997,0.33988,0,0
0.176471,0.482412,0.459016,0.343434,0.135934,0.368107,0.369769,0.3,0
0.176471,0.914573,0.606557,0,0,0.454545,0.114005,0.133333,1
0,0.678392,0.770492,0.464646,0.171395,0.605067,0.087959,0.0833333,0
0.294118,0.698492,0.52459,0.353535,0.165485,0.42623,0.142186,0.0833333,0
0.0588235,0.909548,0.639344,0.424242,0.346336,0.596125,0.503843,0.0166667,1
0.235294,0.477387,0.57377,0.323232,0,0.47839,0.22801,0.05,0
0.294118,0.623116,0.606557,0,0,0.506706,0.0606319,0.283333,1
0.176471,0.854271,0.52459,0.373737,0.265957,0.514158,0.118702,0.15,1
0.411765,0.572864,0.52459,0,0,0.408346,0.279249,0.216667,1
0.352941,0,0.557377,0.414141,0,0.581222,0.277114,0.333333,1
0.117647,0.502513,0.442623,0.282828,0.124113,0.563338,0.179334,0.05,0
0.117647,0.502513,0.57377,0.525253,0.0673759,0.603577,0.255764,0.0666667,0
0.352941,0.527638,0.57377,0.323232,0.0803782,0.459016,0.0187874,0.266667,0
0.470588,0.542714,0.57377,0,0,0.454545,0.374466,0.2,1
0.647059,0.693467,0.622951,0,0,0.494784,0.146029,0.233333,0
0.117647,0.623116,0.557377,0.282828,0.242317,0.490313,0.340307,0.15,1
0.0588235,0.613065,0.52459,0.323232,0.184397,0.5231,0.262169,0.15,1
0,0.522613,0.52459,0.373737,0.0756501,0.500745,0.184458,0.0166667,1
0,0.527638,0.737705,0,0,0.441133,0.0508113,0.416667,0
0.647059,0.693467,0.606557,0.262626,0.170213,0.538003,0.204526,0.483333,1
0.117647,0.603015,0.622951,0.373737,0.124113,0.591654,0.058497,0.133333,0
0,0.61809,0.590164,0,0,0.540984,0.0768574,0.516667,1
0.588235,0.668342,0.557377,0,0,0.402385,0.0713066,0.25,0
0,0.904523,0.540984,0.393939,0,0.625931,0.774979,0.0666667,1
0.294118,0.60804,0.590164,0.232323,0.132388,0.390462,0.0713066,0.15,0
0.176471,0.306533,0.672131,0.282828,0,0.512668,0.0704526,0.416667,0
0.294118,0.79397,0.57377,0,0,0.444113,0.0550811,0.7,0
0.176471,0.869347,0.639344,0.393939,0.218676,0.503726,0.380871,0.166667,1
0.0588235,0.497487,0.590164,0.30303,0.0212766,0.575261,0.142613,0,0
0.235294,0.723618,0.47541,0.282828,0.165485,0.439642,0.08924,0.266667,0
0.117647,0.532663,0.52459,0.353535,0.140662,0.454545,0.564475,0.216667,0
0.0588235,0.613065,0.737705,0.515152,0.260047,0.740686,0.105465,0.166667,1
0.470588,0.497487,0.688525,0,0,0.527571,0.132365,0.483333,0
0.117647,0.442211,0.47541,0.262626,0.0189125,0.423249,0.293766,0.0166667,0
0.411765,0.668342,0.688525,0,0,0.599106,0.263877,0.266667,0
0,0.542714,0.557377,0.20202,0,0.406855,0.302733,0.183333,0
0.117647,0.577889,0.52459,0.222222,0,0.459016,0.146456,0,0
0.117647,0.733668,0,0,0,0.409836,0.0691716,0.116667,1
0.529412,0.78392,0.704918,0,0,0.369598,0.0649018,0.533333,1
0.176471,0.557789,0.47541,0.313131,0.0520095,0.439642,0.150299,0.0166667,0
0.352941,0.61809,0.590164,0.454545,0.271868,0.500745,0.279675,0.216667,0
0.0588235,0.562814,0.590164,0.30303,0.208038,0.512668,0.192143,0.0666667,0
0.117647,0.447236,0.737705,0.30303,0,0.499255,0.0913749,0.35,0
0.647059,0.603015,0.655738,0.373737,0.177305,0.630402,0.301879,0.45,1
0.0588235,0.718593,0.606557,0.222222,0.072104,0.390462,0.0760034,0,0
0.117647,0.527638,0.47541,0.40404,0.111111,0.520119,0.0627669,0.0666667,0
0,0.527638,0.52459,0.414141,0.167849,0.61848,0.0405636,0.0166667,0
0.117647,0.723618,0.47541,0.333333,0.159574,0.470939,0.146883,0.0666667,1
0.294118,0.738693,0.639344,0,0,0.502235,0.059778,0.733333,0
0.0588235,0.58794,0.721311,0.242424,0.171395,0.514158,0.13877,0.316667,1
0.235294,0.713568,0.704918,0,0,0.655738,0.242101,0.0166667,1
0.176471,0.849246,0.606557,0.191919,0.147754,0.445604,0.0811272,0.166667,1
0,0.467337,0.491803,0.252525,0.108747,0.42772,0.193851,0.0166667,0
0.294118,0.562814,0.540984,0,0,0.563338,0.0781383,0.333333,1
0.117647,0.778894,0.606557,0.171717,0.113475,0.396423,0.15158,0.1,1
0.0588235,0.577889,0.57377,0.30303,0.113475,0.515648,0.19257,0.183333,1
0.117647,0.497487,0,0,0,0.330849,0.0128096,0.0333333,0
0,0.673367,0.47541,0.20202,0.343972,0.393443,0.116994,0,0
0.0588235,0.567839,0.52459,0.353535,0,0.500745,0.198548,0,1
0.294118,0.572864,0.606557,0,0,0.371088,0.284372,0.6,0
0.0588235,0.909548,0.52459,0.30303,0.212766,0.508197,0.106746,0.283333,1
0.235294,0.58794,0.52459,0.272727,0.141844,0.494784,0.0649018,0.05,0
0.0588235,0.432161,0.540984,0.525253,0.0768322,0.615499,0.358241,0.133333,0
0.352941,0.738693,0.655738,0,0,0.439642,0.0426985,0.483333,1
0.235294,0.552764,0.540984,0,0,0.47541,0.167805,0.133333,0
0.470588,0.758794,0.639344,0.323232,0.248227,0.639344,0.18702,0.25,1
0.294118,0,0.655738,0.323232,0,0.611028,0.114432,0.266667,1
0.411765,0.753769,0.639344,0.292929,0.148936,0.52459,0.262169,0.55,1
0.0588235,0.60804,0.639344,0.393939,0.0874704,0.581222,0.0781383,0.116667,0
0.0588235,0.437186,0.557377,0.343434,0.0910165,0.560358,0.137916,0.05,0
0.294118,0.613065,0.704918,0,0,0.517139,0.0905209,0.2,0
0.0588235,0.557789,0.770492,0,0,0.488823,0.0798463,0.4,0
0.235294,0.663317,0,0,0,0.490313,0.0956447,0.0333333,1
0.470588,0.552764,0.622951,0,0,0.414307,0.0678907,0.616667,0
0.352941,0.9799,0.57377,0,0,0.460507,0.106746,0.166667,1
0.352941,0.628141,0.639344,0.313131,0,0.411326,0.207942,0.466667,1
0.294118,0.834171,0.622951,0,0,0.681073,0.11187,0.1,1
0.235294,0.924623,0.639344,0.393939,0.327423,0.551416,0.0794193,0.166667,1
0.411765,0.512563,0.606557,0.40404,0.124113,0.554396,0.0538002,0.4,0
0.176471,0.79397,0.622951,0.363636,0.289598,0.470939,0.33006,0.116667,1
0,0.58794,0,0,0,0.503726,0.364646,0.383333,0
0,0.688442,0.688525,0.272727,0,0.406855,0.0653288,0.633333,0
0.529412,0.447236,0.508197,0,0,0.33532,0.0273271,0.2,0
0.705882,0.60804,0.639344,0.171717,0,0.394933,0.0772844,0.683333,0
0.117647,0.552764,0.606557,0.292929,0.147754,0.482861,0.264731,0.1,0
0.117647,0.281407,0.459016,0.282828,0.0531915,0.360656,0.108454,0.0166667,0
0.0588235,0.442211,0.639344,0.292929,0.0898345,0.4769,0.122545,0.133333,0
0,0.512563,0.704918,0.171717,0.124113,0.436662,0.26345,0.1,0
0.117647,0.733668,0.622951,0.353535,0.229314,0.5693,0.107173,0.133333,0
0.117647,0.537688,0.606557,0.30303,0.118203,0.500745,0.139197,0.0333333,0
0.117647,0.79397,0.737705,0,0,0.470939,0.310418,0.75,1
0,0.648241,0.655738,0,0,0.464978,0.266866,0.133333,0
0,0.638191,0.655738,0.373737,0.248227,0.540984,0.309991,0.0333333,0
0.235294,0.547739,0.52459,0.444444,0.117021,0.518629,0.353117,0.0833333,1
0.470588,0.562814,0.590164,0,0,0.351714,0.325363,0.616667,0
0.176471,0.914573,0.606557,0,0,0.454545,0.114005,0.133333,1
0.176471,0.79397,0.57377,0.30303,0.387707,0.529061,0.113578,0.233333,1
0.470588,0.909548,0.557377,0.363636,0.585106,0.448584,0.229291,0.65,1
0.0588235,0.738693,0.770492,0.414141,0,0.734724,0.119556,0.1,1
0.764706,0.648241,0,0.30303,0,0.594635,0.20965,0.383333,1
0.235294,0.477387,0.57377,0.323232,0,0.47839,0.22801,0.05,0
0.294118,0.552764,0.557377,0,0,0.387481,0.0913749,0.15,0
0.0588235,0.653266,0.491803,0.232323,0.200946,0.42623,0.262169,0,0
0.294118,0.949749,0.52459,0.333333,0.384161,0.464978,0.215628,0.133333,1
0.647059,0.718593,0.770492,0.333333,0.172577,0.545455,0.0751494,0.5,1
0.294118,0.623116,0.606557,0,0,0.506706,0.0606319,0.283333,1
0.470588,0.773869,0.639344,0.323232,0,0.482861,0.15585,0.4,1
0.470588,0.633166,0.721311,0.363636,0.12766,0.573771,0.115713,0.466667,0
0,0.693467,0,0,0,0.540984,0.365073,0.0666667,1
0.352941,0,0.557377,0.414141,0,0.581222,0.277114,0.333333,1
0.294118,0.79397,0.688525,0.414141,0.248227,0.587183,0.135354,0.133333,1
0.176471,0.713568,0.655738,0.151515,0,0.482861,0.0520922,0.7,0
0,0.688442,0.557377,0.141414,0.174941,0.369598,0.0277541,0,0
0.117647,0.502513,0.57377,0.525253,0.0673759,0.603577,0.255764,0.0666667,0
0.0588235,0.718593,0.704918,0.30303,0.390071,0.448584,0.347566,0.0333333,0
0.117647,0.623116,0.557377,0.282828,0.242317,0.490313,0.340307,0.15,1
0.0588235,0.613065,0.52459,0.323232,0.184397,0.5231,0.262169,0.15,1
0,0.527638,0.737705,0,0,0.441133,0.0508113,0.416667,0
0.411765,0.738693,0.622951,0,0,0.587183,0.0764304,0.366667,1
0.352941,0.723618,0.590164,0.272727,0.269504,0.505216,0.0755764,0.316667,0
0.588235,0.668342,0.557377,0,0,0.402385,0.0713066,0.25,0
0,0.904523,0.540984,0.393939,0,0.625931,0.774979,0.0666667,1
0.470588,0.899498,0.590164,0.424242,0.153664,0.487332,0.273698,0.25,1
0.0588235,0.768844,0.672131,0.424242,0.573286,0.605067,0.260034,0.0333333,0
0.588235,0.452261,0.696721,0.323232,0,0.520119,0.318958,0.583333,1
0.176471,0.613065,0.639344,0,0,0.342772,0.0751494,0.316667,0
0.411765,0.311558,0.639344,0,0,0.485842,0.133646,0.333333,0
0.529412,0.728643,0.721311,0.343434,0.195035,0.451565,0.295901,0.533333,1
0,0.81407,0.622951,0.363636,0,0.739195,0.122118,0.0833333,1
0.176471,0.663317,0.655738,0,0,0.512668,0.138343,0.383333,1
0.117647,0.613065,0.622951,0.272727,0.236407,0.535022,0.172929,0.0833333,0
0.176471,0.567839,0.360656,0.131313,0,0.33383,0.0264731,0.0166667,0
0.588235,0.472362,0.590164,0.181818,0,0.344262,0.220752,0.583333,0
0.352941,0.517588,0.540984,0,0,0.362146,0.0730145,0.133333,0
0.294118,0.688442,0.885246,0,0,0.727273,0.0636208,0.266667,1
0,0.809045,0.409836,0,0,0.326379,0.0751494,0.733333,0
0.176471,0.582915,0,0,0,0.350224,0.0465414,0.0333333,0
0.235294,0.61809,0.508197,0,0,0.4769,0.0631939,0.233333,1
0.235294,0.733668,0.754098,0,0,0.464978,0.19684,0.666667,1
0.470588,0.668342,0.590164,0,0,0.490313,0.0819812,0.3,1
0.0588235,0.643216,0.721311,0.393939,0.130024,0.543964,0.418019,0.266667,1
0.117647,0.60804,0.57377,0.323232,0.112293,0.582712,0.345004,0.0333333,0
0.411765,0.537688,0.606557,0,0,0.441133,0.0751494,0.166667,1
0.235294,0.919598,0,0,0,0.423249,0.0572161,0.25,1
0.117647,0.41206,0.42623,0.222222,0.135934,0.424739,0.692143,0.0666667,0
0.176471,0.517588,0.590164,0.30303,0.179669,0.411326,0.278395,0.1,0
0.294118,0.738693,0.639344,0,0,0.502235,0.059778,0.733333,0
0,0.839196,0,0,0,0.481371,0.324936,0.15,1
0.647059,0.557789,0.688525,0.40404,0,0.697466,0.361657,0.4,1
0,0.688442,0.327869,0.353535,0.198582,0.642325,0.943638,0.2,1
0.0588235,0.58794,0.721311,0.242424,0.171395,0.514158,0.13877,0.316667,1
0.411765,0.809045,0.704918,0,0,0.453055,0.0371477,0.433333,1
0.0588235,0.577889,0.57377,0.30303,0.113475,0.515648,0.19257,0.183333,1
0,0.673367,0.47541,0.20202,0.343972,0.393443,0.116994,0,0
0.294118,0.572864,0.606557,0,0,0.371088,0.284372,0.6,0
0.0588235,0.909548,0.52459,0.30303,0.212766,0.508197,0.106746,0.283333,1
0.352941,0.427136,0.639344,0,0,0.464978,0.129804,0.35,0
0.0588235,0.432161,0.540984,0.525253,0.0768322,0.615499,0.358241,0.133333,0
0.235294,0.552764,0.540984,0,0,0.47541,0.167805,0.133333,0
0.117647,0.713568,0.672131,0.181818,0.0756501,0.368107,0.291631,0,0
0.411765,0.628141,0.704918,0,0,0.560358,0.0964987,0.5,0
0.529412,0.763819,0.639344,0.343434,0.202128,0.509687,0.347993,0.2,1
0.352941,0.628141,0.557377,0.30303,0.141844,0.447094,0.164816,0.183333,0
0.294118,0.577889,0.803279,0,0,0.788376,0.0559351,0.116667,1
0.117647,0.648241,0.606557,0.262626,0.242317,0.494784,0.219044,0.0666667,0
0.294118,0,0.655738,0.323232,0,0.611028,0.114432,0.266667,1
0.0588235,0.60804,0.639344,0.393939,0.0874704,0.581222,0.0781383,0.116667,0
0.0588235,0.437186,0.557377,0.343434,0.0910165,0.560358,0.137916,0.05,0
0.294118,0.613065,0.704918,0,0,0.517139,0.0905209,0.2,0
0.470588,0.884422,0.737705,0.343434,0.35461,0.502235,0.166097,0.616667,1
0.823529,0.879397,0.508197,0.30303,0,0.500745,0.0572161,0.283333,1
0.235294,0.663317,0.704918,0.313131,0,0.417288,0.145602,0.7,0
0.352941,0.9799,0.57377,0,0,0.460507,0.106746,0.166667,1
0.0588235,0.718593,0.688525,0.232323,0.36643,0.631893,0.426131,0.0166667,0
0.235294,0.924623,0.639344,0.393939,0.327423,0.551416,0.0794193,0.166667,1
0,0.592965,0.688525,0.474747,0.271868,0.682563,0.201964,0.166667,1
0.176471,0.79397,0.622951,0.363636,0.289598,0.470939,0.33006,0.116667,1
0.176471,0.40201,0.672131,0.313131,0.0827423,0.509687,0.51836,0.1,1
0.529412,0.562814,0.672131,0.242424,0,0.420268,0.514091,0.483333,1
0,0.688442,0.688525,0.272727,0,0.406855,0.0653288,0.633333,0
0.176471,0.502513,0.557377,0.232323,0.0957447,0.470939,0.371904,0.116667,0
0.0588235,0.396985,0.491803,0.424242,0.0567376,0.648286,0.256191,0.0333333,0
0.705882,0.60804,0.639344,0.171717,0,0.394933,0.0772844,0.683333,0
0.117647,0.552764,0.606557,0.292929,0.147754,0.482861,0.264731,0.1,0
0.470588,0.477387,0.590164,0,0,0.548435,0.173783,0.6,0
0.117647,0.462312,0.622951,0.20202,0,0.360656,0.691716,0.116667,0
0.0588235,0.442211,0.639344,0.292929,0.0898345,0.4769,0.122545,0.133333,0
0.117647,0.733668,0.622951,0.353535,0.229314,0.5693,0.107173,0.133333,0
0.117647,0.542714,0.508197,0.10101,0.328605,0.377049,0.342869,0.0166667,0
0.117647,0.613065,0.491803,0.181818,0.125296,0.444113,0.272844,0.0166667,0
0,0.638191,0.655738,0.373737,0.248227,0.540984,0.309991,0.0333333,0
0.176471,0.884422,0.704918,0.272727,0.184397,0.496274,0.459436,0.516667,1
0.235294,0.547739,0.52459,0.444444,0.117021,0.518629,0.353117,0.0833333,1
0.176471,0.482412,0.459016,0.343434,0.135934,0.368107,0.369769,0.3,0
0.176471,0.914573,0.606557,0,0,0.454545,0.114005,0.133333,1
0.470588,0.603015,0,0,0,0.447094,0.0448335,0.283333,1
0.470588,0.633166,0.606557,0.383838,0.0886525,0.385991,0.0358668,0.3,0
0.0588235,0.909548,0.639344,0.424242,0.346336,0.596125,0.503843,0.0166667,1
0.235294,0.477387,0.57377,0.323232,0,0.47839,0.22801,0.05,0
0.529412,0.361809,0.639344,0.252525,0,0.470939,0.0862511,0.283333,0
0.411765,0.924623,0.688525,0.333333,0,0.529061,0.118275,0.333333,1
0,0.693467,0.491803,0.353535,0.1974,0.515648,0.194705,0,1
0.647059,0.718593,0.770492,0.333333,0.172577,0.545455,0.0751494,0.5,1
0.294118,0.623116,0.606557,0,0,0.506706,0.0606319,0.283333,1
0.176471,0.854271,0.52459,0.373737,0.265957,0.514158,0.118702,0.15,1
0.235294,0.462312,0.655738,0,0,0.628912,0.0678907,0.133333,0
0,0.693467,0,0,0,0.540984,0.365073,0.0666667,1
0.117647,0.502513,0.442623,0.282828,0.124113,0.563338,0.179334,0.05,0
0.0588235,0.678392,0.442623,0,0,0.397914,0.260034,0.683333,0
0.352941,0.527638,0.57377,0.323232,0.0803782,0.459016,0.0187874,0.266667,0
0.117647,0.623116,0.557377,0.282828,0.242317,0.490313,0.340307,0.15,1
0.647059,0.693467,0.606557,0.262626,0.170213,0.538003,0.204526,0.483333,1
0.0588235,0.452261,0.508197,0.181818,0.06974,0.374069,0.508113,0.0666667,0
0.294118,0.939699,0.622951,0.272727,0.244681,0.649776,0.408198,0.533333,1
0.352941,0.723618,0.590164,0.272727,0.269504,0.505216,0.0755764,0.316667,0
0.0588235,0.447236,0.196721,0.191919,0.0295508,0.414307,0.20538,0,0
0.529412,0.613065,0.459016,0,0,0.496274,0.442357,0.2,1
0.588235,0.668342,0.557377,0,0,0.402385,0.0713066,0.25,0
0.352941,0.527638,0.655738,0.282828,0,0.484352,0.341588,0.0833333,0
0.352941,0.773869,0.606557,0.323232,0.228132,0.436662,0.324936,0.3,0
0.235294,0.683417,0.57377,0,0,0.464978,0.471392,0.0166667,1
0.470588,0.718593,0.540984,0,0,0.520119,0.0217763,0.333333,1
0.588235,0.452261,0.696721,0.323232,0,0.520119,0.318958,0.583333,1
0.176471,0.613065,0.639344,0,0,0.342772,0.0751494,0.316667,0
0,0.81407,0.622951,0.363636,0,0.739195,0.122118,0.0833333,1
0.176471,0.663317,0.655738,0,0,0.512668,0.138343,0.383333,1
0.0588235,0.839196,0.606557,0.171717,0.170213,0.348733,0.157558,0.2,1
0.117647,0.613065,0.622951,0.272727,0.236407,0.535022,0.172929,0.0833333,0
0.0588235,0.407035,0.606557,0.414141,0.0673759,0.690015,0.434671,0.183333,0
0,0.809045,0.409836,0,0,0.326379,0.0751494,0.733333,0
0.117647,0.562814,0.704918,0.424242,0.189125,0.57228,0.0717336,0.116667,0
0.352941,0.40201,0.540984,0.30303,0,0.390462,0.100342,0.333333,0
0.0588235,0.58794,0.491803,0.232323,0.125296,0.503726,0.16567,0.1,0
0.117647,0.708543,0.47541,0.343434,0.1513,0.37854,0.265158,0.05,0
0.470588,0.778894,0.508197,0.262626,0.585106,0.506706,0.198548,0.416667,1
0.294118,0.582915,0.606557,0,0,0.38152,0.0525192,0.15,0
0.0588235,0.658291,0.52459,0.141414,0.490544,0.353204,0.132792,0,0
0.470588,0.668342,0.590164,0,0,0.490313,0.0819812,0.3,1
0.529412,0.653266,0.57377,0,0,0.509687,0.24509,0.4,1
0.235294,0.859297,0.590164,0,0,0.649776,0.171221,0.0833333,1
0.411765,0.939699,0.557377,0.393939,0.359338,0.561848,0.0751494,0.333333,1
0.235294,0.733668,0.639344,0,0,0.573771,0.188728,0.766667,1
0.352941,0.834171,0.606557,0,0,0.396423,0.0964987,0.75,0
0.411765,0.417085,0.639344,0.262626,0.0839244,0.436662,0.294193,0.25,0
0.0588235,1,0.622951,0.434343,0,0.639344,0.561913,0.0166667,1
0,0.59799,0.540984,0.272727,0,0.578241,0.0772844,0.0166667,0
0,0.703518,0.532787,0.262626,0.153664,0.634873,0.150726,0.05,1
0.470588,0.603015,0.639344,0,0,0.372578,0.141332,0.716667,0
0.294118,0.427136,0.606557,0.222222,0,0.432191,0.489325,0.183333,1
0.294118,0.79397,0.57377,0,0,0.444113,0.0550811,0.7,0
0.176471,0.869347,0.639344,0.393939,0.218676,0.503726,0.380871,0.166667,1
0.352941,0.537688,0.721311,0,0,0.548435,0.277114,0.166667,0
0.0588235,0.613065,0.737705,0.515152,0.260047,0.740686,0.105465,0.166667,1
0.529412,0.824121,0.639344,0,0,0.488823,0.029889,0.4,1
0.470588,0.497487,0.688525,0,0,0.527571,0.132365,0.483333,0
0.235294,0.613065,0.557377,0,0,0.52161,0.134927,0.133333,0
0.0588235,0.562814,0.590164,0.30303,0.208038,0.512668,0.192143,0.0666667,0
0.647059,0.603015,0.655738,0.373737,0.177305,0.630402,0.301879,0.45,1
0.0588235,0.718593,0.606557,0.222222,0.072104,0.390462,0.0760034,0,0
0.176471,0.708543,0,0,0,0.447094,0.291631,0.1,1
0.235294,0.643216,0.57377,0,0,0.511177,0.0960717,0.05,0
