0.631579,0.469565,0.145695,0.194805,0.0479452,0.05,1
0.578947,0.408696,0.0529801,0.298701,0.0171233,0.0,2
0.657895,0.321739,0.139073,0.181818,0.0,0.025,1
0.631579,0.217391,0.18543,0.220779,0.0308219,0.2,2
0.447368,0.426087,0.178808,0.194805,0.270548,0.15,2
0.578947,0.252174,0.112583,0.181818,0.0856164,0.025,2
0.578947,0.4,0.119205,0.272727,0.0205479,0.025,2
0.526316,0.356522,0.13245,0.220779,0.0205479,0.025,2
0.763158,0.452174,0.10596,0.25974,0.113014,0.025,2
0.447368,0.286957,0.417219,0.428571,0.297945,0.3,2
0.578947,0.452174,0.139073,0.207792,0.0308219,0.0,1
0.578947,0.547826,0.15894,0.233766,0.0547945,0.2,2
0.710526,0.434783,0.13245,0.207792,0.14726,0.2,2
0.473684,0.269565,0.152318,0.12987,0.0239726,0.025,1
0.605263,0.226087,0.10596,0.220779,0.0479452,0.025,2
0.552632,0.747826,0.0794702,0.220779,0.0787671,0.3,2
0.552632,0.33913,0.165563,0.207792,0.0719178,0.2,2
0.684211,0.295652,0.192053,0.233766,0.0239726,0.4,1
0.631579,0.347826,0.13245,0.311688,0.0821918,0.3,2
0.736842,0.304348,0.10596,0.233766,0.0445205,0.1,2
0.868421,0.869565,0.15894,0.246753,0.0890411,0.4,1
0.684211,0.443478,0.549669,0.584416,0.212329,0.3,2
0.526316,0.234783,0.0529801,0.168831,0.0308219,0.35,2
0.736842,0.234783,0.0927152,0.25974,0.0410959,0.3,2
0.789474,0.434783,0.10596,0.25974,0.753425,0.4,2
0.552632,0.373913,0.15894,0.246753,0.0547945,0.1,1
0.605263,0.53913,0.0662252,0.12987,0.0171233,0.1,2
0.552632,0.478261,0.284768,0.441558,0.349315,0.25,2
0.868421,0.66087,0.350993,0.519481,0.205479,1.0,1
0.815789,0.443478,0.152318,0.25974,0.130137,0.3,2
0.605263,0.634783,0.15894,0.207792,0.119863,0.025,1
0.710526,0.486957,0.437086,0.350649,0.270548,0.35,1
0.605263,0.443478,0.178808,0.25974,0.0342466,0.025,1
0.605263,0.286957,0.125828,0.168831,0.0239726,0.0,1
0.578947,0.373913,0.152318,0.220779,0.0136986,0.1,1
0.526316,0.53913,0.139073,0.272727,0.0856164,0.025,2
0.657895,0.295652,0.10596,0.272727,0.0958904,0.3,2
0.552632,0.486957,0.218543,0.298701,0.0308219,0.025,1
0.605263,0.208696,0.205298,0.272727,0.0958904,0.15,2
0.657895,0.556522,0.0993377,0.25974,0.0479452,0.025,1
