111111
0.526316,0.269565,0.284768,0.363636,0.0582192,0.025,2
0.710526,0.33913,0.218543,0.207792,0.106164,0.3,1
0.605263,0.608696,0.165563,0.285714,0.0890411,0.2,2
0.552632,0.182609,0.112583,0.0779221,0.0342466,0.25,2
0.815789,0.443478,0.152318,0.25974,0.130137,0.3,2
0.868421,0.469565,0.337748,0.38961,0.287671,0.75,1
0.526316,0.313043,0.139073,0.194805,0.0684932,0.15,2
0.710526,0.46087,0.178808,0.298701,0.123288,0.3,2
0.605263,0.53913,0.0662252,0.12987,0.0171233,0.1,2
0.631579,0.217391,0.18543,0.220779,0.0308219,0.2,2
0.684211,0.495652,0.112583,0.181818,0.0308219,0.05,1
0.473684,0.269565,0.152318,0.12987,0.0239726,0.025,1
0.526316,0.243478,0.145695,0.246753,0.0616438,0.05,2
0.710526,0.486957,0.437086,0.350649,0.270548,0.35,1
0.710526,0.53913,0.139073,0.194805,0.0239726,0.025,1
0.763158,0.365217,0.119205,0.168831,0.0205479,0.025,1
0.657895,0.356522,0.0529801,0.155844,0.0308219,0.025,2
0.763158,0.452174,0.10596,0.25974,0.113014,0.025,2
0.657895,0.321739,0.139073,0.181818,0.0,0.025,1
0.552632,0.486957,0.218543,0.298701,0.0308219,0.025,1
0.684211,0.382609,0.18543,0.272727,0.0273973,0.05,1
0.684211,0.443478,0.549669,0.584416,0.212329,0.3,2
0.605263,0.208696,0.205298,0.272727,0.0958904,0.15,2
0.631579,0.347826,0.13245,0.311688,0.0821918,0.3,2
0.684211,0.608696,0.205298,0.376623,0.109589,0.5,2
0.684211,0.295652,0.192053,0.233766,0.0239726,0.4,1
0.710526,0.304348,0.0662252,0.142857,0.0273973,0.025,2
0.736842,0.530435,0.357616,0.545455,0.195205,0.35,2
0.605263,0.286957,0.125828,0.168831,0.0239726,0.0,1
0.526316,0.321739,0.0860927,0.207792,0.0308219,0.2,2
0.526316,0.304348,0.0927152,0.246753,0.0376712,0.025,2
0.657895,0.382609,0.483444,0.441558,0.373288,0.4,1
0.657895,0.295652,0.10596,0.272727,0.0958904,0.3,2
0.736842,0.469565,0.231788,0.415584,0.35274,0.8,1
0.605263,0.443478,0.178808,0.25974,0.0342466,0.025,1
0.526316,0.234783,0.0529801,0.168831,0.0308219,0.35,2
0.789474,0.234783,0.165563,0.25974,0.15411,0.025,2
0.526316,0.53913,0.139073,0.272727,0.0856164,0.025,2
0.815789,0.382609,0.145695,0.272727,0.106164,0.025,2
0.526316,0.365217,0.125828,0.311688,0.0342466,0.025,2
0.657895,0.556522,0.0993377,0.25974,0.0479452,0.025,1
0.684211,0.547826,0.317881,0.545455,0.160959,0.2,2
0.657895,0.382609,0.0397351,0.142857,0.0376712,0.2,2
0.921053,0.321739,0.165563,0.233766,0.243151,0.3,2
