0.631579,0.347826,0.13245,0.311688,0.0821918,0.3,2
0.578947,0.373913,0.152318,0.220779,0.0136986,0.1,1
0.710526,0.304348,0.0662252,0.142857,0.0273973,0.025,2
0.921053,0.321739,0.165563,0.233766,0.243151,0.3,2
0.684211,0.443478,0.549669,0.584416,0.212329,0.3,2
0.631579,0.747826,0.145695,0.25974,0.0753425,0.1,2
0.657895,0.356522,0.0529801,0.155844,0.0308219,0.025,2
0.552632,0.486957,0.218543,0.298701,0.0308219,0.025,1
0.710526,0.365217,0.0860927,0.25974,0.0136986,0.1,2
0.657895,0.382609,0.483444,0.441558,0.373288,0.4,1
0.631579,0.217391,0.18543,0.220779,0.0308219,0.2,2
0.657895,0.556522,0.0993377,0.25974,0.0479452,0.025,1
0.526316,0.304348,0.0927152,0.246753,0.0376712,0.025,2
0.736842,0.286957,0.139073,0.207792,0.0958904,0.025,2
0.526316,0.234783,0.0529801,0.168831,0.0308219,0.35,2
0.763158,0.452174,0.10596,0.25974,0.113014,0.025,2
0.526316,0.313043,0.139073,0.194805,0.0684932,0.15,2
0.526316,0.53913,0.139073,0.272727,0.0856164,0.025,2
0.526316,0.243478,0.145695,0.246753,0.0616438,0.05,2
0.657895,0.295652,0.10596,0.272727,0.0958904,0.3,2
0.815789,0.382609,0.145695,0.272727,0.106164,0.025,2
0.815789,0.4,0.324503,0.493506,0.678082,0.6,2
0.473684,0.269565,0.152318,0.12987,0.0239726,0.025,1
0.684211,0.608696,0.205298,0.376623,0.109589,0.5,2
0.868421,0.869565,0.15894,0.246753,0.0890411,0.4,1
0.605263,0.443478,0.178808,0.25974,0.0342466,0.025,1
0.605263,0.608696,0.165563,0.285714,0.0890411,0.2,2
0.710526,0.53913,0.139073,0.194805,0.0239726,0.025,1
0.605263,0.208696,0.205298,0.272727,0.0958904,0.15,2
0.605263,0.53913,0.0662252,0.12987,0.0171233,0.1,2
0.526316,0.269565,0.284768,0.363636,0.0582192,0.025,2
0.789474,0.234783,0.165563,0.25974,0.15411,0.025,2
0.815789,0.443478,0.152318,0.25974,0.130137,0.3,2
0.684211,0.295652,0.192053,0.233766,0.0239726,0.4,1
0.710526,0.382609,0.125828,0.12987,0.0239726,0.025,1
0.684211,0.495652,0.112583,0.181818,0.0308219,0.05,1
0.736842,0.469565,0.231788,0.415584,0.35274,0.8,1
0.736842,0.530435,0.357616,0.545455,0.195205,0.35,2
0.710526,0.486957,0.437086,0.350649,0.270548,0.35,1
0.657895,0.321739,0.139073,0.181818,0,0.025,1
0.710526,0.46087,0.178808,0.298701,0.123288,0.3,2
0.526316,0.321739,0.0860927,0.207792,0.0308219,0.2,2
0.736842,0.304348,0.10596,0.233766,0.0445205,0.1,2
0.605263,0.286957,0.125828,0.168831,0.0239726,0,1
0.657895,0.408696,0.139073,0.233766,0.366438,0.25,2
0.684211,0.382609,0.18543,0.272727,0.0273973,0.05,1
0.657895,0.382609,0.0397351,0.142857,0.0376712,0.2,2
0.447368,0.217391,0.152318,0.12987,0.0239726,0.025,1
0.526316,0.365217,0.125828,0.311688,0.0342466,0.025,2
0.631579,0.426087,0.192053,0.285714,0.171233,0.2,2
0.684211,0.547826,0.317881,0.545455,0.160959,0.2,2
0.710526,0.33913,0.218543,0.207792,0.106164,0.3,1
0.868421,0.469565,0.337748,0.38961,0.287671,0.75,1
0.552632,0.182609,0.112583,0.0779221,0.0342466,0.25,2
0.763158,0.365217,0.119205,0.168831,0.0205479,0.025,1
0.631579,0.382609,0.125828,0.142857,0.0171233,0.025,1
0.605263,0.226087,0.10596,0.220779,0.0479452,0.025,2
0.789474,0.478261,0.152318,0.25974,0.0856164,0.1,2
0.631579,0.469565,0.145695,0.194805,0.0479452,0.05,1
0.552632,0.304348,0.0794702,0.233766,0.0616438,0.025,2
0.763158,0.417391,0.139073,0.272727,0.0890411,0.25,2
0.947368,0.365217,0.0927152,0.207792,0.0582192,0.025,2
0.552632,0.33913,0.165563,0.207792,0.0719178,0.2,2
0.578947,0.295652,0.172185,0.324675,0.0582192,0.025,2
0.552632,0.269565,0.10596,0.207792,0.0376712,0.1,1
0.578947,0.252174,0.112583,0.181818,0.0856164,0.025,2
0.815789,0.426087,0.15894,0.181818,0.0856164,0.1,2
0.657895,0.347826,0.0794702,0.207792,0.0308219,0.05,2
0.578947,0.417391,0.18543,0.181818,0.0753425,0.05,1
0.447368,0.426087,0.178808,0.194805,0.270548,0.15,2
0.736842,0.686957,0.284768,0.233766,0.109589,0.25,2
0.710526,0.304348,0.0662252,0.142857,0.0273973,0.025,2
0.921053,0.321739,0.165563,0.233766,0.243151,0.3,2
0.684211,0.443478,0.549669,0.584416,0.212329,0.3,2
0.657895,0.356522,0.0529801,0.155844,0.0308219,0.025,2
0.763158,0.304348,0.112583,0.168831,0.0719178,0.1,2
0.710526,0.434783,0.13245,0.207792,0.14726,0.2,2
0.5,0.565217,0.15894,0.25974,0.10274,0.025,2
0.684211,0.391304,0.0662252,0.194805,0.0479452,0.2,2
0.447368,0.286957,0.417219,0.428571,0.297945,0.3,2
0.526316,0.234783,0.0529801,0.168831,0.0308219,0.35,2
0.894737,0.452174,0.145695,0.246753,0.123288,0.6,1
0.710526,0.373913,0.112583,0.142857,0.0958904,0.25,1
0.552632,0.373913,0.15894,0.246753,0.0547945,0.1,1
0.710526,0.408696,0.13245,0.103896,0.0719178,0.025,1
0.789474,0.234783,0.165563,0.25974,0.15411,0.025,2
0.815789,0.443478,0.152318,0.25974,0.130137,0.3,2
0.684211,0.730435,0.10596,0.194805,0.174658,0.025,1
0.710526,0.382609,0.125828,0.12987,0.0239726,0.025,1
0.657895,0.321739,0.139073,0.181818,0,0.025,1
0.526316,0.321739,0.0860927,0.207792,0.0308219,0.2,2
0.789474,0.469565,0.172185,0.116883,0.0547945,0.025,1
0.5,0.643478,0.245033,0.194805,0.0924658,0,2
0.605263,0.286957,0.125828,0.168831,0.0239726,0,1
0.552632,0.182609,0.13245,0.12987,0.0445205,0.1,1
0.684211,0.382609,0.18543,0.272727,0.0273973,0.05,1
0.447368,0.217391,0.152318,0.12987,0.0239726,0.025,1
0.526316,0.365217,0.125828,0.311688,0.0342466,0.025,2
0.710526,0.33913,0.218543,0.207792,0.106164,0.3,1
0.631579,0.46087,0.0662252,0.207792,0.0650685,0.2,2
0.684211,0.686957,0.0860927,0.103896,0.0479452,0.025,1
0.605263,0.617391,0.145695,0.168831,0.010274,0.025,1
0.421053,0.330435,0.18543,0.415584,0.164384,0.15,2
0.605263,0.208696,0.192053,0.272727,0.0821918,0.1,2
0.631579,0.382609,0.125828,0.142857,0.0171233,0.025,1
0.789474,0.478261,0.152318,0.25974,0.0856164,0.1,2
0.526316,0.304348,0.523179,0.571429,0.157534,0.15,2
0.710526,0.513043,0.152318,0.246753,0.109589,0.3,2
0.552632,0.304348,0.0794702,0.233766,0.0616438,0.025,2
0.763158,0.417391,0.139073,0.272727,0.0890411,0.25,2
0.552632,0.478261,0.284768,0.441558,0.349315,0.25,2
0.736842,0.408696,0.278146,0.324675,0.0958904,0.4,1
0.789474,0.434783,0.10596,0.25974,0.753425,0.4,2
0.736842,0.226087,0.152318,0.207792,0.0821918,0.2,2
0.552632,0.33913,0.165563,0.207792,0.0719178,0.2,2
0.578947,0.295652,0.172185,0.324675,0.0582192,0.025,2
0.552632,0.478261,0.317881,0.311688,0.195205,0.025,2
0.684211,0.347826,0.139073,0.272727,0.0342466,0.3,1
0.447368,0.426087,0.178808,0.194805,0.270548,0.15,2
0.684211,0.356522,0.112583,0.155844,0.0719178,0.15,2
0.710526,0.33913,0.10596,0.233766,0.0513699,0.3,1
0.631579,0.347826,0.13245,0.311688,0.0821918,0.3,2
0.578947,0.373913,0.152318,0.220779,0.0136986,0.1,1
0.578947,0.286957,0.317881,0.493506,0.171233,0.5,2
0.921053,0.321739,0.165563,0.233766,0.243151,0.3,2
0.657895,0.356522,0.0529801,0.155844,0.0308219,0.025,2
0.552632,0.486957,0.218543,0.298701,0.0308219,0.025,1
0.710526,0.434783,0.13245,0.207792,0.14726,0.2,2
0.789474,0.321739,0.145695,0.220779,0.0787671,0.3,1
0.657895,0.382609,0.483444,0.441558,0.373288,0.4,1
0.631579,0.217391,0.18543,0.220779,0.0308219,0.2,2
0.657895,0.556522,0.0993377,0.25974,0.0479452,0.025,1
0.578947,0.165217,0.145695,0.233766,0.0410959,0.2,2
0.736842,0.286957,0.139073,0.207792,0.0958904,0.025,2
0.684211,0.391304,0.0662252,0.194805,0.0479452,0.2,2
0.526316,0.234783,0.0529801,0.168831,0.0308219,0.35,2
0.684211,0.478261,0.10596,0.337662,0.0445205,0.025,1
0.552632,0.373913,0.15894,0.246753,0.0547945,0.1,1
0.763158,0.591304,0.172185,0.272727,0.0684932,0.1,2
0.763158,0.452174,0.10596,0.25974,0.113014,0.025,2
0.526316,0.356522,0.13245,0.220779,0.0205479,0.025,2
0.657895,0.434783,0.198675,0.207792,0.0582192,0.1,1
0.5,0.434783,0.278146,0.350649,0.116438,0.2,2
0.526316,0.313043,0.139073,0.194805,0.0684932,0.15,2
0.578947,0.452174,0.218543,0.181818,0.222603,0.1,2
0.526316,0.53913,0.139073,0.272727,0.0856164,0.025,2
0.657895,0.295652,0.10596,0.272727,0.0958904,0.3,2
0.736842,0.556522,0.0927152,0.155844,0.0719178,0.1,1
0.710526,0.147826,0.0993377,0.194805,0.0547945,0.2,2
0.684211,0.321739,0.18543,0.116883,0.010274,0.05,1
0.684211,0.608696,0.205298,0.376623,0.109589,0.5,2
0.868421,0.869565,0.15894,0.246753,0.0890411,0.4,1
0.605263,0.443478,0.178808,0.25974,0.0342466,0.025,1
0.684211,1,0.271523,0.207792,0.14726,0.5,1
0.552632,0.182609,0.13245,0.12987,0.0445205,0.1,1
0.684211,0.382609,0.18543,0.272727,0.0273973,0.05,1
0.447368,0.217391,0.152318,0.12987,0.0239726,0.025,1
0.710526,0.26087,0.311258,0.363636,0.297945,0.3,1
0.657895,0.243478,0.125828,0.155844,0.0753425,0.15,1
0.815789,0.382609,0.165563,0.194805,0.0205479,0.025,1
0.868421,0.469565,0.337748,0.38961,0.287671,0.75,1
0.868421,0.234783,0.152318,0.25974,0.164384,0.2,2
0.552632,0.182609,0.112583,0.0779221,0.0342466,0.25,2
0.631579,0.46087,0.0662252,0.207792,0.0650685,0.2,2
0.657895,0.382609,0.205298,0.181818,0.10274,0.1,1
0.763158,0.365217,0.119205,0.168831,0.0205479,0.025,1
0.605263,0.208696,0.192053,0.272727,0.0821918,0.1,2
0.631579,0.382609,0.125828,0.142857,0.0171233,0.025,1
0.605263,0.226087,0.10596,0.220779,0.0479452,0.025,2
0.789474,0.478261,0.152318,0.25974,0.0856164,0.1,2
0.631579,0.469565,0.145695,0.194805,0.0479452,0.05,1
0.552632,0.478261,0.284768,0.441558,0.349315,0.25,2
0.789474,0.434783,0.10596,0.25974,0.753425,0.4,2
0.552632,0.33913,0.165563,0.207792,0.0719178,0.2,2
0.578947,0.295652,0.172185,0.324675,0.0582192,0.025,2
0.552632,0.478261,0.317881,0.311688,0.195205,0.025,2
0.684211,0.347826,0.139073,0.272727,0.0342466,0.3,1
0.578947,0.252174,0.112583,0.181818,0.0856164,0.025,2
0.447368,0.426087,0.178808,0.194805,0.270548,0.15,2
0.763158,0.521739,0.509934,0.376623,0.671233,1,1
0.605263,0.730435,0.165563,0.194805,0.15411,0.2,2
0.631579,0.347826,0.13245,0.311688,0.0821918,0.3,2
0.578947,0.373913,0.152318,0.220779,0.0136986,0.1,1
0.684211,0.443478,0.549669,0.584416,0.212329,0.3,2
0.657895,0.356522,0.0529801,0.155844,0.0308219,0.025,2
0.552632,0.486957,0.218543,0.298701,0.0308219,0.025,1
0.710526,0.434783,0.13245,0.207792,0.14726,0.2,2
0.631579,0.217391,0.18543,0.220779,0.0308219,0.2,2
0.657895,0.556522,0.0993377,0.25974,0.0479452,0.025,1
0.447368,0.286957,0.417219,0.428571,0.297945,0.3,2
0.526316,0.234783,0.0529801,0.168831,0.0308219,0.35,2
0.552632,0.373913,0.15894,0.246753,0.0547945,0.1,1
0.578947,0.408696,0.0529801,0.298701,0.0171233,0,2
0.763158,0.452174,0.10596,0.25974,0.113014,0.025,2
0.526316,0.356522,0.13245,0.220779,0.0205479,0.025,2
0.526316,0.313043,0.139073,0.194805,0.0684932,0.15,2
0.526316,0.53913,0.139073,0.272727,0.0856164,0.025,2
0.657895,0.295652,0.10596,0.272727,0.0958904,0.3,2
0.473684,0.269565,0.152318,0.12987,0.0239726,0.025,1
0.552632,0.747826,0.0794702,0.220779,0.0787671,0.3,2
0.868421,0.66087,0.350993,0.519481,0.205479,1,1
0.578947,0.452174,0.139073,0.207792,0.0308219,0,1
0.736842,0.234783,0.0927152,0.25974,0.0410959,0.3,2
0.868421,0.869565,0.15894,0.246753,0.0890411,0.4,1
0.605263,0.443478,0.178808,0.25974,0.0342466,0.025,1
0.578947,0.547826,0.15894,0.233766,0.0547945,0.2,2
0.605263,0.208696,0.205298,0.272727,0.0958904,0.15,2
0.578947,0.4,0.119205,0.272727,0.0205479,0.025,2
0.605263,0.53913,0.0662252,0.12987,0.0171233,0.1,2
0.789474,0.234783,0.165563,0.25974,0.15411,0.025,2
0.815789,0.443478,0.152318,0.25974,0.130137,0.3,2
0.684211,0.295652,0.192053,0.233766,0.0239726,0.4,1
0.710526,0.382609,0.125828,0.12987,0.0239726,0.025,1
0.605263,0.634783,0.15894,0.207792,0.119863,0.025,1
0.684211,0.495652,0.112583,0.181818,0.0308219,0.05,1
0.710526,0.486957,0.437086,0.350649,0.270548,0.35,1
0.657895,0.321739,0.139073,0.181818,0,0.025,1
0.736842,0.304348,0.10596,0.233766,0.0445205,0.1,2
0.605263,0.286957,0.125828,0.168831,0.0239726,0,1
